#ifndef WEIGHTS_H
#define WEIGHTS_H

#include <stdint.h>

// Weights: int8 per-channel quantized
// Biases:  int32, scale = input_scale * w_scale[oc]
// Inference: acc * (input_scale * w_scale[oc]) / output_scale

static const float input_scale = 7.87401575e-03f;
static const float conv1_out_scale = 3.21181118e-02f;
static const float conv2_out_scale = 8.51216391e-02f;
static const float fc1_out_scale = 1.86755896e-01f;
static const float fc2_out_scale = 1.70122027e-01f;

static const float conv1_weight_scale[4] = {6.57792948e-03f, 5.97262057e-03f, 5.91372559e-03f, 5.79010881e-03f};
static const float conv2_weight_scale[8] = {3.88259976e-03f, 3.75143765e-03f, 3.80314444e-03f, 4.88946261e-03f, 3.63458833e-03f, 4.04834654e-03f, 4.40364378e-03f, 4.69491864e-03f};
static const float fc1_weight_scale[16] = {4.64123877e-04f, 2.96109333e-03f, 2.95366300e-03f, 3.01497569e-03f, 3.61999962e-03f, 2.34531122e-03f, 3.47858015e-03f, 2.95768003e-03f, 3.49786738e-03f, 2.80148862e-03f, 3.83662223e-03f, 2.58299406e-03f, 3.01046902e-03f, 2.81590456e-03f, 3.19157285e-03f, 1.33641111e-03f};
static const float fc2_weight_scale[10] = {4.40699048e-03f, 4.33371495e-03f, 3.11891944e-03f, 3.66699160e-03f, 4.43418417e-03f, 3.33096180e-03f, 3.44033842e-03f, 4.16499190e-03f, 2.70596496e-03f, 3.46151320e-03f};

// shape: (4, 1, 3, 3)
static const int8_t conv1_weight[36] = {
    -127, -29, 86, 39, 53, 73, 66, -37, -101, -44, -67, -73, -127, -78, -91, -94,
    5, -21, -66, -16, -127, -55, -87, -98, -116, -61, -73, -113, -127, -105, -40, -71,
    -75, 44, -48, -20,
};

// shape: (8, 4, 3, 3)
static const int8_t conv2_weight[288] = {
    10, 6, -75, 126, -20, -44, 104, 127, 48, -67, -50, 77, -7, -32, 2, 50,
    39, -3, -21, -59, 57, -5, -81, -26, 31, -35, -24, 9, 32, 111, -28, -32,
    41, -5, -18, -35, 11, 123, 127, 119, 121, -53, 40, 56, 18, 67, -16, -16,
    -70, -62, 16, 32, 10, 71, 27, -63, -52, -77, -36, 59, -14, -8, 26, 43,
    4, -99, -29, -60, -14, 5, 39, -15, -11, 19, -58, 57, 120, 80, -56, 18,
    21, -21, 84, 79, -74, -99, -54, -20, 38, -8, 33, 68, 69, -80, -127, -31,
    34, -7, 4, 92, 84, 56, -68, -41, -47, 34, 5, -39, -47, -77, 127, -106,
    -21, 111, -94, 59, 39, -4, 28, -57, 45, 57, -84, 8, 15, -80, 5, 43,
    -46, 43, 47, -91, 55, -58, -55, -19, 6, -21, 11, 36, -65, 25, -4, -31,
    36, -36, 32, 77, 89, 114, 127, 20, 31, -21, 23, 37, 23, 30, -18, 4,
    13, 29, 12, 30, 4, -20, -51, -17, -42, -28, -45, 28, -18, 10, 41, -27,
    -42, -28, -7, 6, 85, 51, 56, 66, 29, 55, 17, 72, 47, 16, -99, 41,
    56, -76, -78, 12, 6, -47, -56, -127, 36, 61, -107, -31, 71, 31, -68, -44,
    -39, 57, 86, -19, 28, 70, 50, -48, 42, -7, 96, 20, 3, 51, -112, -127,
    -78, 6, -41, -51, 9, -34, 18, 39, 78, 51, -53, -51, -57, -37, -46, 10,
    63, 82, 70, -6, -34, -4, -42, -9, -55, 65, 29, -1, 127, 87, -55, 14,
    36, 97, 35, 124, 79, -3, -26, 0, -25, 47, 43, -16, -25, -34, -17, 15,
    35, -26, 29, -25, -38, -56, -7, 9, 4, 0, 22, 1, 8, -41, -43, -35,
};

// shape: (16, 392)
static const int8_t fc1_weight[6272] = {
    -26, 74, 78, 45, -65, -105, -37, 51, 3, 45, 37, -24, 82, 22, 12, 13,
    -94, 80, -69, -66, 0, 17, 59, -127, 89, 51, -5, 19, -3, -16, 9, -112,
    64, -83, -90, -114, 52, 15, 56, -75, -94, 42, -116, 0, -46, -47, 50, 25,
    56, 65, 36, -70, 100, 66, 56, -102, -92, 16, -76, -43, -117, -62, 47, -26,
    -24, 76, 9, -117, -124, 44, 94, -54, -97, -81, -5, -28, 45, 18, -85, 13,
    -48, 3, 92, -68, -84, 41, 25, 21, -9, -21, 16, 80, 82, -29, -104, 9,
    -43, -36, 74, 48, -90, 121, 87, 53, -3, -48, 77, -28, 58, -82, -87, 73,
    -95, 34, 86, 1, -67, -103, 43, -22, 46, -71, -100, -87, 73, -59, 13, -109,
    1, -65, -81, 96, 47, 12, 91, -99, 9, -63, 30, -6, -59, 5, 115, -19,
    123, -115, 83, -113, -74, -50, -104, 37, 90, -53, 43, -127, 53, -65, -94, 1,
    -44, -98, -77, 49, -119, 10, 31, -83, 2, -56, 37, 73, -61, 18, -39, -14,
    53, -72, -41, -107, 11, -42, -54, -103, -6, -24, 2, 16, -74, 72, -28, -69,
    -32, 27, -95, -16, -123, 42, -113, 83, 59, 4, -116, -124, -29, -30, -96, -9,
    17, 77, -124, 68, 17, 58, -15, -1, -64, -48, 71, -18, -105, -49, 17, -64,
    72, 86, 62, -119, 30, -77, -105, -109, 21, -123, -49, -90, -65, -30, -121, 71,
    -21, 29, -99, 56, 12, -10, -103, 35, 39, -6, 7, -94, -85, 8, 84, -108,
    -54, -65, 45, -101, -110, 30, 30, 82, -110, 33, 43, 101, -86, 31, 3, 38,
    -92, 4, -88, 91, 58, -92, 87, 73, -29, -44, 78, -65, 50, 18, -34, -31,
    -83, 0, 41, -53, 27, -109, -75, 55, -12, -33, -7, -41, -62, -11, -33, -104,
    29, 12, -117, -124, -96, -51, 18, -33, 29, -49, 88, -62, -106, -72, 66, -110,
    63, 3, -34, -23, 85, -28, -36, -95, -6, -97, -21, -58, -15, 18, 36, -114,
    -83, -20, -52, -91, -38, -61, -118, -52, -90, 106, 67, 40, -101, 96, -20, -38,
    68, 12, 67, -17, -2, -87, 49, 106, -13, -98, 79, -25, -121, 94, -56, -34,
    12, -113, 98, 54, -7, -75, -9, 75, -111, -44, 72, -19, -113, -55, 70, -47,
    -80, -58, 23, -8, -69, -50, 42, 11, 0, 22, -24, 3, -13, -9, -10, -23,
    -11, -48, 1, 6, -33, 17, -19, -67, 38, 24, 20, -56, 7, -12, 85, 123,
    80, 33, -18, -1, -47, 24, 53, 16, 28, -7, 22, -18, 56, 2, 14, 4,
    25, 16, -11, -4, 4, -4, 0, -43, 7, 8, -33, -74, -71, -75, -34, 16,
    -13, -47, 54, 9, -16, 13, 41, -51, 1, -19, -31, 16, -17, 116, -59, 2,
    -16, -16, -54, -23, -34, -28, 28, -43, -38, 21, 0, -21, -41, 0, 8, 45,
    4, 40, 20, 12, -13, 9, 8, 1, 45, 26, 16, -63, -100, -33, 15, 21,
    -1, -6, 10, 43, 42, 30, 52, 62, -12, -92, -56, 10, 10, 50, 62, 13,
    -70, 28, 53, -19, 55, -5, -9, 0, 39, 69, 4, -6, -25, -1, 18, 54,
    20, -40, -62, -7, 17, -63, 0, 21, 4, -71, 21, 5, -39, -58, -23, -14,
    -14, 1, -27, 46, 8, 24, 20, 19, -20, 4, 51, 78, -16, -38, 42, 0,
    23, 34, -4, -58, 26, 37, -20, -10, -8, -49, 10, 41, 82, -1, 32, -24,
    -32, 15, 38, 75, -1, -1, -12, -17, -6, -44, 26, 3, -7, -34, -18, 3,
    22, 2, -12, -22, 38, 13, -1, 66, 67, 23, -24, 10, 7, -10, 12, -10,
    37, -20, -12, -35, -47, 7, -22, -34, 35, -16, -38, -1, 0, -9, -5, -12,
    21, 26, 24, 27, 30, 27, -5, 0, 9, 21, 18, -13, -15, -14, -27, -40,
    -40, -5, -25, -2, -36, -7, -37, -16, -33, -34, 8, 20, 42, 72, 31, 26,
    -15, 10, 41, 110, 91, 7, 80, 52, 18, -15, -9, -25, 9, 46, 54, 0,
    -50, 16, -1, -21, -26, 7, 10, -10, -19, 26, -12, -5, 11, 1, -2, -7,
    11, 20, 11, 12, 0, 1, -93, -62, 37, -1, 76, 49, -31, -127, -119, -30,
    15, 52, 79, -20, -19, 15, 16, -10, 11, 37, 32, 27, 44, 33, 22, -49,
    -9, 23, 23, 1, -9, -16, -2, 7, 20, 4, 20, 22, 3, 18, 37, 8,
    -22, 20, 8, -18, -5, 30, 3, 39, -6, -10, 9, 5, 64, -23, -7, -10,
    9, -49, 21, 45, -11, 39, 11, 49, -11, -5, 15, -24, 3, 49, 21, -57,
    -18, 13, 11, -6, 71, 48, 12, 11, 16, -2, -3, -3, 23, 20, -10, -5,
    11, 7, 23, 38, 44, 10, -1, 22, 15, 22, 33, 16, 52, 17, 8, -16,
    12, 32, 44, -11, -42, -7, -28, 30, 2, 22, 36, -58, -1, -4, 57, -45,
    6, 16, -49, -10, 5, -27, 3, 21, -23, -27, -2, -10, -18, 1, 37, -37,
    -11, 6, 13, -3, -2, -9, -5, -24, 3, 31, 25, -6, -17, -14, -37, 36,
    12, 16, 18, 19, -9, -58, 23, 37, 46, -6, 41, 58, -50, 3, 23, 57,
    25, 84, 89, -17, 50, -26, 9, 2, 10, -40, -56, -26, 84, 12, -51, -66,
    -93, -3, -6, 50, 68, 21, -10, -33, 63, 21, 44, 28, 3, -22, -47, -2,
    7, 19, 6, -15, -26, -19, -48, 1, -28, -2, 29, -3, 40, 53, -5, -127,
    38, 46, -35, 6, -13, 19, -82, -83, -13, -14, 35, 2, -5, 30, -102, -93,
    15, 64, 53, 18, 10, 2, -12, -2, 35, -20, 25, 28, -4, -43, -63, 5,
    3, 14, 34, 36, 21, 31, 28, 17, 88, 45, 4, 28, 60, 68, -2, 54,
    55, 18, 28, 37, -60, 12, 25, -8, 31, 13, 10, -80, -4, 37, 38, 34,
    34, -17, -39, -9, -18, 23, -28, -2, -27, 7, 12, 9, 23, 20, 2, -5,
    -10, 20, 10, -11, 20, -6, 39, 21, -13, 8, 12, 10, 45, 117, 36, -9,
    -58, -42, 31, 20, 40, -23, -12, 8, -30, -9, -19, -7, -7, -12, -6, 15,
    -5, -4, -19, 6, 1, 0, 26, 33, -6, -5, 4, 14, 32, -17, -64, -1,
    64, 101, 19, -1, -19, -52, -41, 62, 113, 1, 28, 20, -12, -57, 18, 14,
    4, -4, 36, 50, 2, -45, -79, 13, 33, 21, 43, 8, 29, 22, -9, 4,
    -17, -39, 27, 32, 4, 5, 17, 0, -16, 11, 12, 0, 5, 24, 57, 77,
    41, -10, -22, 3, 26, 34, -9, 31, -32, -32, -34, 19, -48, 27, -40, -6,
    -15, -43, 20, -23, 18, 24, 74, 58, 49, 7, -34, -19, -52, 1, 19, -3,
    0, -11, -32, -32, -7, 15, 39, -12, 10, -34, -19, 12, 25, 9, -6, 15,
    -34, -5, -21, -10, 2, 33, 2, 11, 35, 28, 9, -12, 15, -18, 11, 99,
    38, -16, -93, 41, -76, 15, 51, -2, 21, -41, 45, -8, -19, -7, 11, -5,
    -39, -8, 23, 13, 25, -10, -6, -1, 0, 18, 6, 41, 47, 10, -2, 30,
    -20, 28, -19, -43, 31, -1, 49, 49, 32, -5, 32, -48, 4, 17, -80, -30,
    -41, 13, 24, -40, 43, -75, 1, -30, 1, -17, -11, 14, -39, -7, 2, 4,
    8, -30, 11, -27, 19, -15, 33, -40, 13, 4, 18, -27, -18, -36, -86, -37,
    -15, 20, -33, -51, -56, -15, -55, 54, -35, 4, -11, 22, 32, -58, 21, 14,
    72, -38, -47, -11, 18, 55, 80, 84, -3, 53, 44, 45, 79, 39, 31, -3,
    -24, -52, -26, -6, 62, 5, -26, -40, -87, -2, 30, -41, -26, -12, -33, -78,
    -8, 23, 17, 9, -15, -13, 5, 9, 7, 51, 26, -21, -19, -43, -19, 6,
    108, 14, -73, -92, -22, 34, 17, -14, -28, -30, 0, 92, 38, 32, -36, -25,
    3, 44, 89, 20, 25, -27, -94, -31, 43, 10, -4, 7, -48, -6, -26, -56,
    8, 9, 41, -25, -11, -30, 17, 39, 7, -40, -37, -23, 27, 62, 78, 20,
    -17, -19, 0, 31, 89, 56, 10, 59, 40, 42, 35, 8, -59, 31, 36, 34,
    31, 3, -74, -45, 9, 3, 3, -6, -26, -34, -9, 33, -21, -25, -13, -2,
    -47, -1, 20, 22, -9, 0, -22, -11, -25, 36, -14, -35, -38, -53, -40, -27,
    3, 2, 53, 68, -41, -11, 14, 57, 0, 9, 7, 15, 34, 33, 3, 39,
    13, 32, -23, -4, -10, 10, 4, 28, 15, -8, 7, 13, 13, 16, 23, 30,
    0, 13, 16, 13, 47, -21, 30, 65, 104, 94, 2, -18, -49, -41, 22, 103,
    21, -12, -16, -83, -73, -63, 14, -65, 19, 33, -29, -36, -32, -78, -53, 8,
    47, 13, 11, -6, 36, 12, 19, -3, 41, 33, 30, 2, -49, 22, 6, 3,
    21, 18, 35, 11, 7, -28, 45, 44, 10, -66, -127, -29, 34, 108, 62, 55,
    -57, -68, -36, 9, 35, 81, -27, -50, 0, -31, -11, 12, 7, -2, 70, 80,
    42, 19, 2, -5, -5, 24, 57, -9, 10, 36, -1, -15, 35, -2, -17, 18,
    -3, -23, -6, 1, 16, -8, 18, -39, -19, 4, -3, -44, -33, 28, -16, -28,
    -37, -76, -33, -37, 35, 65, -2, -48, -18, -3, -18, 73, 2, -22, 15, 16,
    41, -11, 37, -11, -2, -4, 3, -20, -58, 18, 27, 27, 23, -2, 28, 31,
    -8, 2, 32, -12, 6, 0, 8, 0, 5, 33, -18, 26, 11, -22, -9, 17,
    -38, -8, 12, -7, 13, 15, -77, -65, -4, 7, -8, -18, 45, 5, -55, 37,
    20, 35, 2, 17, -6, 0, -39, 33, 9, 37, -6, 5, -99, -47, 5, 12,
    6, -31, 22, 36, 36, 43, 5, 10, 24, 1, -28, -16, 22, -11, -18, 45,
    23, 5, 10, 1, 29, 9, 19, -40, -1, 36, 6, -29, 38, 64, -37, -45,
    18, 3, -8, 39, 37, 1, 33, 26, 43, 5, 43, -9, -14, 56, 38, 82,
    39, 0, -9, -30, 10, 40, 72, 55, -73, -10, -13, 27, 34, 14, 5, -57,
    -28, 20, 17, 16, -15, -40, -38, -12, 61, 39, 66, 70, 27, -18, -5, 127,
    60, 44, 29, 26, 25, -23, 34, 45, 23, 5, 31, 14, -10, 72, 102, 64,
    19, 7, -79, 8, 2, 17, 23, 26, -32, 2, 43, -11, -16, -38, -59, -77,
    6, -27, -45, -53, -10, -8, -73, 10, -88, -92, -19, -43, -51, -82, 5, -22,
    -70, -42, -30, 1, -19, -4, -30, -24, -32, -26, 16, 62, -12, -15, -26, -9,
    4, 66, 30, 9, 5, 14, -5, -1, 32, 33, -19, 41, -1, -12, -11, -27,
    -55, -10, -2, -32, 2, 1, -20, -18, -5, -7, -16, 36, 47, 12, -13, 39,
    20, 20, 14, 25, 11, -18, 10, -39, 22, 16, 29, 11, 46, 6, 11, 4,
    -9, -13, 10, 2, -4, -6, 20, 11, 39, 14, 3, -10, 27, 9, 39, 32,
    29, -18, -18, -15, -27, -18, -2, -26, -68, -7, -40, -75, -20, -11, -23, -47,
    11, 34, -5, -18, 43, 34, 10, 25, 2, -2, 5, -35, 14, 13, 27, 11,
    0, -11, -8, -32, -8, 1, -11, -14, -19, -25, -15, -15, -12, -50, 14, 56,
    23, 36, -38, -41, 20, 72, 66, 17, 25, 33, 3, 4, 63, 55, 21, 26,
    0, 9, -41, 34, 35, 37, 24, 12, -4, 15, 21, 46, 33, 49, 5, -15,
    -23, -29, -5, 1, 10, 0, -30, 2, 24, 1, 22, 56, 36, 4, 6, -1,
    23, -1, 18, 1, -12, -5, 2, 5, 25, 34, 10, -14, -12, -9, 27, 10,
    50, 57, 9, -5, 13, -7, 37, 21, 26, 46, -23, -26, 2, 18, 17, -5,
    51, -12, -21, -23, -11, -13, 7, -17, 4, 6, 15, 0, 4, -40, -31, 29,
    12, 37, 102, 78, 4, 7, 23, -32, -7, 52, 67, 82, 18, -13, 64, 74,
    56, 35, -30, -25, -34, -13, 15, 40, -7, 16, -33, 18, 74, -27, -34, -11,
    -10, 16, -52, -13, -58, 50, 22, 19, -25, -15, 29, 9, -45, -93, -78, -50,
    13, 67, 35, 47, -8, -64, -52, 73, 61, 48, 53, 72, -3, -21, 21, -39,
    -72, 54, 107, 73, -37, -53, -74, -64, 32, 23, -43, -75, -50, -38, -58, 13,
    34, 42, -78, 25, 28, 30, 65, 61, 28, -15, -19, -21, -27, -27, -3, -25,
    -6, 5, 39, 67, 86, 77, 13, -6, -2, 79, 49, 89, 35, 20, 0, -26,
    -15, 7, 33, -7, -43, -73, -30, 23, 44, 61, 8, -44, -55, -13, -27, 39,
    21, -84, -117, -15, -5, 83, 74, 3, 38, 40, 1, 8, -27, -84, -66, -39,
    -17, -4, -32, -34, -58, -68, -101, -65, -15, 23, 10, -27, -6, 15, 81, -28,
    48, -4, -4, -38, -19, -18, -30, 6, -38, -30, -42, 60, 63, -7, 62, 23,
    -5, 23, 77, 1, -21, 28, 25, 85, 113, 72, -70, -14, -10, -12, 14, 43,
    -7, 15, -43, 8, 30, 64, 59, 54, 2, -4, 63, 24, 28, 66, 55, -17,
    -39, 18, -46, -26, 57, 59, 30, -27, 3, -37, -7, 45, -12, -67, -26, -10,
    6, 31, 33, 29, -41, -22, -33, -8, -6, 16, -13, -19, -30, -29, -35, -37,
    -67, -35, -28, -27, 32, 11, -67, 56, 101, 71, -23, 21, -5, 36, 126, 58,
    74, -21, 35, 52, 77, 127, -16, -29, -12, 61, -1, 11, 37, 65, 55, -31,
    -2, 76, 12, 26, -27, -19, -34, -10, -15, 17, -10, 3, 51, 1, -7, -13,
    -25, -21, -29, -34, -25, 62, 60, 85, -23, -87, -20, 7, 93, 4, 34, -42,
    -15, -16, -2, 67, 11, 6, 42, 70, 36, -10, -17, -60, 34, 20, -44, -75,
    12, 29, -24, -34, -33, -33, -61, 0, 13, 22, 16, 36, -2, 43, 26, 3,
    -14, -17, -36, -5, -3, -19, 25, 70, 60, 86, 48, 16, 9, -2, 46, 44,
    82, 71, -30, -28, -10, -38, 26, 24, 82, 24, 1, -51, 48, -15, 19, -73,
    -72, -65, -16, 49, 82, 53, 19, 19, 4, -22, -48, -20, 13, 1, -15, -19,
    7, -9, -11, -35, -66, 19, 9, 8, 17, 3, 5, -30, -18, -6, -22, -3,
    21, -5, -36, -34, 3, 18, 53, 29, -18, -17, -27, -40, -11, 46, -15, -53,
    -4, -6, -21, -3, 0, -15, -22, -6, 23, 35, 26, -16, 49, 60, 24, 39,
    31, 39, 13, -16, -33, -5, 18, 7, 14, -41, 33, 20, -4, 30, 21, -74,
    -4, 12, -19, -15, 13, 50, 14, -5, 3, -22, -21, -44, -75, -10, -22, -80,
    -17, -34, 14, -33, -41, 39, 22, -16, 6, -14, 60, 27, 14, 65, 4, -42,
    4, 30, 19, -42, -71, -60, -2, 19, 15, 0, -9, 9, 8, 37, 11, -9,
    -3, -32, -3, 10, 41, 15, 1, 6, -35, 18, 14, 53, 25, -19, 12, 44,
    79, -5, -26, -25, -1, -4, 103, 42, -33, -4, 46, 30, 14, 68, -7, -74,
    -32, 12, 50, 20, -25, 5, 10, 14, -11, 8, -65, 44, 33, 64, 16, -8,
    29, 10, 22, 56, 13, -31, -85, 19, 30, -11, -18, 15, -1, -52, 31, -64,
    -56, -85, 63, 15, -31, 0, -47, -30, 32, 96, 50, 32, 27, 39, 81, 95,
    66, 48, 26, 26, 56, -24, -7, -2, 10, -5, 22, -4, 26, -5, 19, 33,
    38, 18, -6, 2, -3, 26, 0, -21, 34, -1, -36, -42, -22, -30, -20, -31,
    -20, -11, -15, -19, -26, 27, 8, -2, 49, 30, -28, -31, -15, 55, 15, 24,
    29, 14, 17, 32, 11, 24, 8, -7, 27, 36, 3, 31, -49, 5, -7, -41,
    -98, -127, 11, 15, 31, 14, -33, -55, -44, 17, 13, 34, 26, -12, -3, -12,
    34, -40, -36, -21, 12, 7, -49, 20, -40, -61, -82, -40, 62, 46, 33, 18,
    -41, -6, 11, 67, 42, 26, 4, 21, 28, 26, 13, 28, 2, 24, -16, -7,
    39, 72, 52, 28, -33, -47, -13, 2, 26, 21, 27, 4, 27, 50, 37, 4,
    -39, 10, 8, 90, 90, 50, 0, -25, -46, -5, 38, 8, -5, -20, 2, -4,
    0, -41, -12, -2, -4, 24, 36, 9, -20, 4, 13, -10, -30, 11, 10, 1,
    24, 9, 13, -7, 5, 18, 8, 2, -6, -25, 31, 46, -9, -69, 15, 5,
    -85, -15, -62, -18, -25, 48, -48, -14, -10, 5, 14, 26, -55, -77, -57, -51,
    18, 11, 12, 43, 43, 10, 28, 5, -10, -25, -31, 0, -60, 2, 27, -4,
    2, 20, 0, -21, -21, -9, 14, 14, -24, -16, -6, 13, 26, 7, -57, -76,
    -12, 5, 14, 30, -3, 32, 13, 21, 2, 12, 58, -11, 28, 19, -13, -19,
    -10, 41, 10, 0, -37, -29, 29, -3, 17, 11, 3, -10, -10, 25, 29, 9,
    9, -2, -34, -17, -14, -24, 29, -13, -26, -10, 19, -15, 33, 51, 0, -5,
    50, 46, -77, -86, -14, -21, -42, -54, -14, -12, -11, -17, -4, -4, 12, 15,
    38, 50, 8, -41, 15, 41, 69, 85, 48, -10, 17, -72, -60, -21, 21, 24,
    -67, 21, -8, 25, 12, 38, 30, 7, -7, 12, 16, 35, 60, 27, 74, 10,
    -4, 25, -45, -36, 15, -16, -2, 70, 5, -3, -24, -25, -24, -12, 77, 16,
    22, -25, -87, -52, 3, 72, 127, 81, -36, -52, -60, 23, -22, 37, 25, 2,
    3, 10, -16, -4, -20, -56, -5, -19, 29, 2, -18, -20, -7, -62, -52, 3,
    -45, -15, 21, -20, -3, 34, 9, 25, -59, -31, -1, 39, 76, 13, 3, -26,
    -42, 9, -12, 32, 10, 11, 1, 24, 25, 46, 23, 28, 50, -24, -23, -27,
    -10, -31, 8, 38, 1, 12, 9, 11, 3, 13, -14, -11, 22, -14, -29, -15,
    41, -29, -3, 9, -58, -79, -65, 41, 42, -5, -36, 4, -21, -27, 2, 7,
    38, 52, 28, 23, 29, -5, 10, 37, 6, 32, 17, 6, 19, 32, 24, 17,
    30, 16, -4, 18, 27, 2, 26, -10, -15, -46, 32, -15, 1, -26, -9, 14,
    -6, 1, -36, -29, -36, -38, 65, 51, 21, -1, 3, -14, -7, -5, 21, -17,
    -23, -3, 7, -30, -124, -118, 10, 0, 33, 30, 13, -32, -30, 4, 4, 9,
    29, 18, 6, 10, 27, -15, -28, -13, 8, -20, -38, -15, -9, 39, 68, 81,
    48, 48, 23, -24, 7, 23, 21, -8, 24, 8, -19, 36, 8, -24, 6, -22,
    -14, 33, 28, 17, 40, 46, 8, -45, -12, 19, 18, 35, 16, -53, -48, 12,
    -4, -8, 7, 6, -3, -16, -11, 12, 21, 39, 46, 43, -12, 3, -40, 13,
    -52, -42, 23, 42, -44, -55, -56, -52, -36, -53, 26, -12, -51, 5, 20, -46,
    -55, 39, -4, 18, 2, 9, 3, 8, 13, 30, 5, 10, 8, 4, 18, 18,
    10, 10, -5, 3, 25, 32, 26, -20, -1, -6, -64, -16, -12, 29, 2, 33,
    19, -4, -26, 0, -25, 20, 36, 18, 31, -2, 32, 40, 1, -11, 9, 41,
    2, 22, 40, 7, 21, 69, 36, 51, 24, -18, 1, 53, 44, -7, 7, 26,
    15, 25, -14, 22, 23, 50, 73, 35, -13, -44, -17, 40, 50, 13, 51, -25,
    -9, -4, -20, 38, 48, 29, -15, 2, 19, -10, -25, -8, 30, -2, 44, 66,
    -18, -28, -16, 17, -17, -8, -12, 4, 6, 23, -14, 18, -54, -57, -28, -12,
    17, -9, 3, 59, 33, 19, 11, -6, 46, 15, -35, -45, -49, -40, -9, 18,
    6, -13, -52, -32, 5, 6, 15, 23, -37, -32, -19, 25, 3, 13, 29, -54,
    -83, -16, 49, 22, -6, 8, -22, -38, 13, 17, 4, -30, 6, -88, 1, 49,
    -24, -59, 6, -1, 41, 56, 49, 61, 35, 25, 45, 34, 75, 91, 127, 78,
    11, 22, 51, 45, 46, 30, 10, 11, -1, 41, 65, 45, 9, -1, 25, 12,
    48, 74, 10, -18, 27, 15, -4, 24, 20, -6, 11, 20, 10, -51, -53, -66,
    -51, -22, 36, 16, -22, 22, 10, 11, 26, 19, -23, 7, 21, 6, -36, 9,
    41, -1, -33, 11, -7, -23, -2, 66, 9, -8, 25, 3, -16, 7, 31, -32,
    -5, 24, -10, 4, 1, 23, 20, 18, -18, -5, 29, 13, 36, -8, 18, 17,
    -5, -7, 6, 17, 1, 13, 23, 13, 22, 14, 23, 29, -3, 47, 42, -24,
    -62, 5, 14, 7, 48, 10, -47, -52, -30, 26, 25, 7, -7, -26, 33, 54,
    -7, -22, -1, 0, -10, 9, 30, 15, -14, -12, 43, 47, -3, -8, -10, 2,
    19, 31, -1, -47, -6, 15, 10, 19, 20, 3, 24, 23, 1, -14, -79, -123,
    -33, 31, 100, 35, -42, -59, -60, -16, 21, 51, -2, -35, -27, -53, -19, -27,
    2, 4, 20, 2, -52, -30, -15, 37, 12, -21, -20, -15, 2, 22, 16, -1,
    17, 48, 27, 16, 16, 7, -15, 12, -3, 23, 4, -4, 6, 4, 19, -11,
    -25, -55, -4, -28, 37, -12, -22, -18, -32, -37, 9, -15, -1, 59, -22, -5,
    48, 1, 38, 17, 4, -47, -30, 39, 6, 14, -11, -32, -6, 19, 19, 45,
    -11, 25, 13, 16, 4, 10, 33, 4, -6, 33, 64, 24, 92, -5, 2, 1,
    -27, 9, -34, 24, 7, 39, -16, 6, 3, 17, 0, 0, 66, 35, -6, 34,
    51, -8, -18, 82, 29, -37, -31, 108, 6, -20, 13, -5, -5, 21, 4, 59,
    20, -40, -8, 23, -39, -45, 9, 19, 3, 3, -14, 28, 54, 63, -6, 10,
    -14, 23, 12, 10, 51, 25, 30, 6, 25, 8, -11, 19, 35, 45, -14, -21,
    -29, -8, 17, 34, 119, 46, 91, 88, 47, -26, -41, 39, 42, 22, -11, 24,
    -6, -12, -4, 34, -84, -70, 8, 15, 14, -7, -9, 57, 83, 51, 14, -52,
    -58, -3, -3, -27, -18, -8, -10, 40, -2, -2, -12, -1, 9, -19, 0, -7,
    64, 16, 48, 43, -18, 7, -10, 51, -64, 32, 92, 59, 56, -5, -64, -19,
    36, 73, 90, 23, 3, -107, 67, 104, 50, 8, -68, 22, 64, 16, 12, -13,
    9, 8, 53, -1, 30, 44, 11, 15, 2, -40, -3, -49, -34, -1, 37, -7,
    -72, -24, -7, -10, -41, -64, -13, -6, 62, 84, -21, -79, -48, 15, 0, 35,
    10, -50, -47, 46, 18, -74, -101, -103, -72, -42, 8, 2, -44, 20, 56, 39,
    21, -4, -40, -23, 0, 13, -22, -24, 18, -14, -14, -11, -24, -45, -7, 34,
    17, -8, 33, 35, 57, 5, 35, 44, 29, 37, 32, 24, -1, 16, 1, -4,
    -11, -23, 66, 40, 64, -16, 7, -39, 0, -21, 3, 2, -19, -20, 2, 1,
    -12, 1, -11, 1, 28, 7, 21, 9, 27, 12, 1, -11, -27, 7, 11, 3,
    -7, 5, -14, -49, 20, 24, -23, -14, 24, 33, -24, -35, 23, 41, 59, 46,
    47, 21, 31, 43, 39, 47, 15, 4, 6, 17, -6, -39, -54, 9, 3, 9,
    3, 14, -5, 19, 11, -45, -17, -2, -16, 34, 44, 27, -5, 22, -9, 7,
    42, 51, 23, -9, 91, -5, -13, 5, 44, 61, -18, -48, -49, -7, -65, 12,
    49, -16, -2, -6, 6, 30, 34, -2, 18, 28, 22, -3, 24, 28, -47, 12,
    41, 34, -2, 31, 16, 7, 11, 5, 10, -42, -16, -10, 31, -24, -7, 11,
    12, 9, -25, 14, 22, 127, 47, -8, 52, 87, 65, 29, 84, -37, 16, 91,
    65, 17, 1, -65, 34, 80, 80, 69, -2, 18, 4, -20, -35, 2, 9, 9,
    -5, 1, 22, -3, 16, 9, 17, 7, -3, -1, -8, 33, 12, 18, 22, 23,
    6, 8, -20, 33, -23, -11, -11, 4, 11, 15, 51, 44, -42, 15, 25, 26,
    20, 43, 32, -16, 56, 24, 5, 6, -15, 11, 1, 1, -19, -22, 33, 16,
    16, -8, 6, 55, 44, 39, 66, 23, 18, -20, 34, 29, 37, 27, 38, -27,
    -9, -11, 23, 7, 8, 1, 39, 5, -1, -2, -29, -15, -11, -32, -25, 37,
    1, -1, 11, -4, -24, -55, -29, 22, 36, 11, 5, -9, 7, -8, 38, 63,
    23, 1, 5, 56, 70, 5, -19, 19, 9, 15, -23, -1, 19, 2, 14, 4,
    -5, -5, 17, 35, 58, 59, 51, -9, -60, -13, 32, 34, 18, 7, 4, -48,
    -33, 21, -7, -56, -25, 6, -40, -30, 26, -33, -70, -51, 18, 4, 13, 35,
    -36, -39, -7, 4, 80, 39, 11, 52, 25, -6, 12, 52, -2, -71, -96, -67,
    19, 52, 38, -13, -26, -102, -94, 15, 28, 32, 19, 4, -20, 30, 8, -1,
    14, 18, 1, 26, 27, -5, 11, -4, -12, -22, 17, 2, 1, 9, 22, -3,
    3, 61, 13, 7, -8, 44, 43, 8, -2, -14, -28, 5, 24, 0, -7, -6,
    -5, -42, 9, -13, -16, -2, 23, 39, 4, 11, -26, 0, 27, 23, -14, -16,
    8, -27, 14, 23, 30, -12, -6, 3, -32, -18, 28, 26, 3, -4, 1, 21,
    8, 10, 9, 1, -1, 9, 27, 25, 13, 10, 20, 8, -11, 15, -20, -95,
    -91, -45, -4, 12, 40, -25, -44, -57, 30, -8, -24, 24, -37, -21, 61, 76,
    -9, -38, -5, 42, -1, 8, 14, -13, -31, 23, 26, 5, -40, -80, 11, 0,
    18, -22, 6, 30, 7, 6, 7, -7, 6, 12, 13, 12, 0, 9, -44, -2,
    69, 87, 71, 6, -26, -11, 26, 75, 127, 47, -3, 12, -16, -27, 0, -18,
    -19, -9, -7, -32, -39, -26, 23, 35, -17, -8, -17, -4, -6, 18, -32, -8,
    2, -27, -18, -12, -4, -35, -8, 0, 5, 9, -14, 10, 4, -1, 0, 6,
    24, 10, 18, 30, -36, 10, -22, -20, 23, 33, -1, 19, -22, -76, -50, -4,
    10, -46, 2, -9, -56, -25, 21, -11, -38, 16, -5, 17, 16, 43, 40, 30,
    22, 8, -1, -7, 3, -12, -10, -3, 26, 19, -29, 8, 22, -11, -6, 7,
    -12, -34, -26, 32, -33, -30, 38, 48, 43, 2, -30, -11, 17, -3, 73, 127,
    22, 19, 5, 49, 3, -73, 17, -9, -40, -28, 9, 12, -36, 13, 18, -16,
    -9, -31, -13, 7, 90, 21, -30, -17, -14, 8, -4, -22, -34, -52, -54, 11,
    -21, -35, 11, 17, 11, 14, -26, -8, -28, -19, -29, 64, 14, 69, 44, -34,
    -54, -71, 7, 38, 48, 38, 52, 74, 23, -38, 2, 8, -36, 40, 7, -6,
    -44, -8, 2, 30, 27, -4, -5, -42, -48, -24, 28, -63, -59, -60, -56, -32,
    27, 19, -29, -9, 28, 24, 18, 4, 6, 50, 36, 101, 43, 22, 69, 3,
    15, -14, -27, -7, 26, 27, 7, 23, -41, -87, -17, 24, -20, -4, -43, -79,
    -27, 38, -6, -23, 6, -63, -124, -33, -21, 10, 56, 21, -35, -41, -46, 11,
    -4, 6, -25, -9, 19, -28, 32, 47, 4, 30, 39, -7, -15, -17, 48, -7,
    27, -22, -19, 14, 29, 25, 3, -51, 1, 81, 4, 8, 8, -6, 2, 33,
    100, 59, -37, -53, 20, -14, 50, -5, 7, -11, -8, 13, -19, -57, -11, -7,
    -4, -17, -20, -11, 7, 10, 22, 56, 38, 29, 19, -12, -32, -18, 8, 25,
    49, -28, 12, -22, -22, 13, 21, 5, -37, 40, 8, -2, -10, 21, -17, 43,
    10, -4, -22, 12, -44, -30, -8, 4, 22, 22, 19, 18, 21, -4, -3, -15,
    -30, -12, -23, 23, -17, 9, 18, -25, 15, -63, 16, 62, 76, 61, 70, 10,
    -23, 19, -19, 17, 33, 72, 24, -13, 3, -41, -42, -27, -61, -36, 16, 8,
    10, -13, 0, 31, 14, -53, 22, 13, 21, 23, 23, 71, -3, -15, 12, 3,
    12, 11, 1, 13, 17, 10, -26, -59, 12, -21, 57, 7, -11, -22, -10, 36,
    6, 45, 32, 56, 89, 50, 18, 28, 23, 41, 40, 14, -50, -30, -34, 24,
    43, -62, -40, -64, -47, -49, 8, 2, 26, -8, 30, 39, 11, -17, -17, 18,
    -9, 0, 0, -4, -54, 3, -21, 12, 36, 29, 34, -13, 9, 45, -25, -12,
    -6, -4, -25, 27, 9, 20, 5, -59, 6, -6, 34, 31, 59, -33, -59, 23,
    -3, -49, 14, -4, -7, 8, 6, -28, -12, -10, -5, 25, 43, -9, 9, 1,
    8, -17, -17, 14, -46, 16, 16, 63, 36, 32, -10, -7, -23, 29, 31, 45,
    -9, -22, -20, 14, -44, 4, -48, -33, -41, 26, 5, -60, 30, -4, -2, -6,
    12, 19, -26, 25, 11, -15, 25, 5, 11, 21, 30, 41, 63, 58, 31, 20,
    -6, 2, 16, 17, -1, -28, 4, 4, 36, 44, -10, -22, -24, -53, -44, 42,
    -15, -17, -16, 61, 80, -23, 22, 6, 40, 30, 60, 2, -97, 52, 1, -28,
    -32, -17, 11, -36, -21, 31, -16, -8, 11, 39, -25, -1, 68, 54, 20, 32,
    -4, -37, 11, -2, -20, 4, 18, 28, 23, 3, 56, 39, 8, -11, -24, -41,
    25, 73, 50, -2, -31, -32, -41, 19, 65, -17, -51, 60, 17, -45, -6, 34,
    -30, -56, 55, 68, -27, 24, 77, -12, -57, -11, -74, -55, -3, 52, -6, -56,
    -80, -57, -10, -1, -12, -3, 59, -3, 11, 5, 6, -17, 9, 12, 104, 84,
    14, 21, -25, -29, 97, 127, 64, -5, -11, -25, 43, 91, -36, -10, 11, 0,
    -8, 27, 19, 17, 24, -1, -4, -11, 36, 89, 95, -46, 8, 33, 40, 50,
    36, 72, -9, -1, 23, 24, 14, 17, 27, 43, 28, 68, 8, -4, -24, -10,
    17, 13, 9, -15, 6, 9, 9, 24, -20, -5, 5, 22, -2, 2, 23, -9,
    -13, 9, -7, -42, -11, 0, 15, 10, 50, 1, -14, -55, -53, -11, 22, 6,
    19, 37, 3, -9, 5, 2, -6, 9, 17, -2, -2, 23, 53, 64, 86, 90,
    51, 37, 24, 16, 46, 5, 18, -43, -103, 3, -18, -57, -44, 1, -38, -11,
    -1, -15, -14, -2, 50, -4, -19, -15, -9, 12, -25, 33, 24, -51, 2, 16,
    18, -13, 21, -7, -1, 18, 13, 20, 10, 5, 19, 14, 22, 37, 42, 13,
    -69, -96, -21, -5, 73, 73, 26, -46, -57, 29, -37, 1, 42, 20, 37, 62,
    6, -90, -9, 30, -7, 7, 23, -9, -22, -15, -9, -39, 12, -6, -2, -34,
    2, 11, 43, 56, 25, -2, -19, 13, 11, -22, -2, 6, 24, 25, 21, -13,
    -8, 0, 8, -15, 0, 33, -5, 9, 1, 9, 6, -31, -7, -51, -59, -31,
    105, 40, -31, -16, 9, -29, -69, 44, -41, -29, 0, 39, -69, -79, -87, -21,
    -46, 2, 27, 25, 41, 34, 18, 7, 16, -9, 21, 31, 21, 25, -3, -3,
    33, 30, 67, -24, 72, 32, -29, -60, -32, 24, 16, 35, 12, 12, 34, -73,
    -6, 7, 18, 43, 36, 81, -36, 7, 0, 41, 28, -1, 38, 50, -3, 27,
    -1, 39, -8, -10, -22, -28, -11, 13, 11, 2, 33, 50, 33, 29, 39, 6,
    3, -5, 15, 43, -12, 11, -5, 29, 75, 47, 28, -10, -75, -123, -10, 12,
    -10, 75, 57, -3, 15, -38, -86, -100, 3, 19, -1, -21, 9, -41, -17, 13,
    46, 46, 0, -32, -43, -9, 14, -3, 4, -2, -4, 56, 88, 70, -4, -5,
    2, 0, 1, -22, -26, -30, -22, 13, 2, -14, -21, -12, -28, -61, -38, 3,
    -34, -25, 21, -15, -35, 6, 0, -121, -8, 39, -44, -89, 8, -1, -1, 57,
    76, 37, 22, 29, 18, 19, 87, 23, 27, 35, 3, 23, 48, 62, 3, 36,
    24, 8, 27, 3, -7, 93, 114, -23, 13, -4, 20, 75, 26, 19, -16, 24,
    25, 34, 42, -53, -27, 18, 10, 35, 12, -33, -18, -33, 12, 3, -23, -13,
    -33, -26, -20, -6, -3, 0, 10, 0, 4, -24, -26, 3, 29, 14, 32, 22,
    13, 45, 8, 10, -8, -8, 27, -4, -16, 2, 18, 37, 89, 65, 35, -23,
    -40, 43, 0, -22, 27, 12, 16, 6, 1, -74, -46, 25, -6, -17, 23, -34,
    -12, 23, 16, 30, 66, 25, 6, -5, -9, -14, 3, 13, 16, -14, 3, 26,
    -10, 12, -4, -3, 4, -17, -49, -8, 74, 127, 1, -3, -59, -16, -1, 8,
    112, 9, 46, 35, 35, 22, -27, 24, -18, 60, 114, 64, 21, 69, 24, 17,
    -15, 54, 33, 15, -18, 37, 10, 15, -13, 8, -11, 6, 55, 6, 24, 5,
    -2, 23, 0, 3, 20, 42, 6, -33, -42, -22, -60, 13, 37, -29, -26, -66,
    3, -58, -41, -18, -79, -51, 17, -33, -18, -17, 36, -43, 0, 37, -12, 18,
    28, 46, 42, 81, 63, 47, 10, 40, 4, -19, 3, 9, -13, 47, 50, 18,
    -7, -17, -2, 20, 13, -31, 27, 23, 13, 21, -41, 47, -4, -18, 46, 39,
    61, 49, 2, -24, 11, 15, 42, 62, -32, -26, 37, -7, -44, 23, 53, 1,
    22, 29, -7, -29, 13, 63, 75, 25, 20, 12, 1, -10, -15, 1, 8, -14,
    19, 27, 29, 41, 40, 1, 2, 2, 18, 49, 65, 23, 6, -39, 29, -23,
    -11, 30, 6, 50, 25, 12, 4, -14, -7, -24, 1, 16, 11, -23, -38, 17,
    -8, -3, 30, 14, -15, -6, -7, -10, 30, 18, 2, -11, -48, 14, 4, 28,
    6, 21, 5, 5, 15, -25, -40, -28, 1, 31, 21, 28, -10, -3, -85, 31,
    60, 52, 40, -33, -65, -68, 48, -47, -45, 26, 19, -17, -11, 29, 24, 56,
    36, -34, -15, 18, 42, 32, -10, -15, -45, -34, -15, 10, 25, -18, 20, -3,
    7, -10, 16, -23, 8, -20, -23, -54, -38, 18, 0, 16, 49, 51, 15, -23,
    -5, 27, -5, 29, 20, 2, 11, 17, 48, -5, -48, -57, -89, -51, -10, 10,
    -27, -55, -54, -32, 14, -3, -26, 34, 35, 45, 45, 38, 10, -29, -2, 26,
    71, 61, -10, -3, 13, 7, -24, -29, 2, 10, -37, -32, -34, -38, -28, -75,
    16, -27, -40, -75, -32, 22, 30, 5, -50, -35, -41, 8, 30, 29, 32, 5,
    23, 12, -17, -34, -57, 3, 8, 42, 31, 5, -48, -5, 16, -4, 20, 25,
    0, 25, -15, 4, -5, -21, 41, 9, -34, -18, 23, -35, 1, 46, 73, -10,
    -45, -43, 27, -20, -14, 11, -38, -19, -10, 21, -22, -3, 5, -35, -35, -8,
    0, 28, 29, 4, 2, 1, -3, 11, 16, 41, 25, 16, -12, 30, 18, 20,
    17, 10, -3, 5, 18, 7, 7, 3, 2, 3, -7, 23, -18, -27, -5, 31,
    70, 6, -9, -7, -36, -38, 111, 80, 127, 7, 6, -37, -18, 62, -38, -55,
    -12, 56, 21, -4, -14, -33, 4, -4, 53, 31, 4, 7, -2, 18, 12, 18,
    36, 23, 22, 62, 19, 0, 9, 5, 1, 26, 10, 21, 3, 15, 66, 48,
    28, -62, -108, -8, 13, 67, 108, 29, 0, -122, -36, 18, 19, -32, 14, -1,
    9, 13, -13, -13, 12, 16, -60, -31, 27, -3, 25, 16, 15, 2, 24, 39,
    39, 42, 14, -19, -19, 9, 23, 3, 4, 26, -18, -14, -31, -15, -10, 42,
    77, 76, 10, 18, -39, 11, 18, -11, -8, -3, -46, -21, 17, 23, 54, -69,
    -66, -43, 13, 24, 68, 11, -12, 20, 43, -11, 5, 8, 35, 20, 27, -1,
    21, 14, 17, -3, -8, -14, 18, 12, -16, -40, -41, -40, -43, 10, 25, 0,
    -25, -36, -37, -36, 2, -19, 13, -37, -17, -18, -51, -13, 13, -37, 3, -46,
    -66, -61, 20, -15, 31, -27, 26, 14, -61, -22, 16, -38, -27, -46, -3, -30,
    6, -8, -6, -20, 16, -27, -18, -29, -24, 45, -6, -20, 10, 22, 1, -19,
    6, -43, -28, -24, -12, 3, 29, -17, 18, 11, -29, -12, 15, -21, 4, -38,
    -4, -2, 7, -28, -39, -22, -12, -11, -9, 6, -75, -29, 19, -53, -34, -41,
    -20, -35, 40, 18, -47, -23, -43, -54, 27, -12, -42, -24, -24, -11, -1, -9,
    13, -45, -48, -60, -44, 31, -32, 11, 4, 11, 22, 4, -46, 21, -48, -60,
    -15, -70, -24, -17, -52, 0, -37, -24, -19, -25, -25, -81, 3, -59, -25, -64,
    -62, 35, 16, 21, -9, 30, 13, -5, -31, -52, 127, -41, -13, -6, -16, -26,
    -37, -29, 3, -13, -18, -16, 44, -15, 2, -40, -32, -7, 64, 50, 9, -36,
    2, 16, -25, 36, -43, -15, -35, 19, -27, 20, -29, -69, 6, -26, -2, 2,
    79, -19, -3, 22, -4, 22, 7, -21, 0, 21, -27, -5, 9, 16, -53, -75,
    2, -41, 0, -32, -24, -40, -8, -29, -28, -1, -9, -2, 22, -2, 13, -10,
    -45, -37, 23, -18, -52, -29, -36, -23, -1, 13, 10, -57, -83, -44, 1, 30,
    -2, -23, -44, -46, 12, -17, -62, -34, -47, -58, -44, -62, 6, -5, -34, -36,
    -20, -25, -36, -48, 11, 13, -1, 40, 30, -79, -39, 29, -7, -65, 12, -18,
    8, -7, -50, -21, -7, -7, -43, 31, 30, -21, 0, -16, -40, -63, -13, 28,
    -9, -56, 13, 48, -38, -29, -26, 36, -29, 7, 1, -5, 16, 28, -2, -55,
    15, 16, 16, -5, 12, -43, 11, -41, -5, -33, -35, -9, -62, -60, -45, 3,
    -6, 27, -20, 25, -13, -24, -42, -26, -10, -33, -42, 12, -32, 25, -39, 4,
    -48, -38, 6, -28, -2, 1, -9, -35, -41, -15, -17, 0, -28, -19, -9, -29,
    -31, 17, -58, 1, 37, -69, -19, -8, -37, 29, -9, 19, -44, -43, 20, -34,
    -33, -15, -6, -33, -33, -25, -7, -15, -54, 0, -12, 5, -43, 9, -10, -11,
    -10, 13, 19, -40, -46, -17, -32, -20, -10, -16, -10, 29, -43, -25, -51, 18,
};

// shape: (10, 16)
static const int8_t fc2_weight[160] = {
    43, 33, 22, 56, -127, -26, -102, 75, 27, -43, 18, -25, -58, 39, 27, 44,
    15, -85, -95, 4, 6, -127, 53, 10, 54, 20, -113, 40, 79, 4, 55, 51,
    -38, -60, 40, 127, 71, -41, -58, -46, -46, 103, -55, 30, -72, -12, 88, 61,
    -33, -35, -20, -60, 127, 58, -36, 71, -68, -28, -30, -88, 75, 45, 7, -12,
    20, 67, 42, 16, -66, -11, 48, -127, 28, -32, -112, 15, 52, -5, -118, -49,
    -3, 73, -74, -127, 82, -52, 72, 106, 0, 9, 65, 2, -99, -50, -30, -56,
    9, -41, 41, -99, -14, -90, -38, -29, 86, 19, 120, -127, -23, 57, -84, 11,
    37, -38, 53, 74, -2, -10, 7, 13, -46, -76, 42, 57, 80, -127, 12, 26,
    -44, 36, -33, -112, -48, 127, -109, -110, 25, 115, -7, 79, -14, -7, 58, 38,
    -37, 30, 36, -88, -36, 79, 84, -64, -110, -127, -20, 6, -46, 63, 43, 11,
};

// shape: (4,)
static const int32_t conv1_bias[4] = {
    4100, 2933, -2995, 3917,
};

// shape: (8,)
static const int32_t conv2_bias[8] = {
    -1619, 749, 122, 701, 534, 2010, -263, -729,
};

// shape: (16,)
static const int32_t fc1_bias[16] = {
    1006, -100, -16, 305, -83, -325, 17, 341, 24, -136, 131, 49, 112, -2, 28, 81,
};

// shape: (10,)
static const int32_t fc2_bias[10] = {
    -123, -41, 362, 178, 17, 183, -152, -321, -412, -177,
};

#endif