#ifndef WEIGHTS_H
#define WEIGHTS_H

#include <stdint.h>

// Weights: int8 per-channel quantized
// Biases:  int32, scale = input_scale * w_scale[oc]
// Inference: acc * (input_scale * w_scale[oc]) / output_scale

static const float input_scale = 7.87401575e-03f;
static const float conv1_out_scale = 2.55582016e-02f;
static const float conv2_out_scale = 7.34687224e-02f;
static const float fc1_out_scale = 1.94707468e-01f;
static const float fc2_out_scale = 9.92124453e-02f;

static const float conv1_weight_scale[4] = {4.97820880e-03f, 4.80232574e-03f, 4.47389949e-03f, 6.30612066e-03f};
static const float conv2_weight_scale[8] = {3.71576333e-03f, 4.61710757e-03f, 3.45048192e-03f, 5.39063010e-03f, 5.53751038e-03f, 3.15243402e-03f, 4.19399701e-03f, 3.58687248e-03f};
static const float fc1_weight_scale[16] = {2.28953757e-03f, 4.08847956e-03f, 2.54310318e-03f, 2.19763792e-03f, 5.98730636e-04f, 2.78996187e-03f, 5.37912827e-04f, 3.07602948e-03f, 6.73391682e-04f, 3.89821106e-03f, 6.87917520e-04f, 2.90881982e-03f, 2.81481724e-03f, 2.49448302e-03f, 4.58478025e-04f, 3.15266778e-03f};
static const float fc2_weight_scale[10] = {4.44149924e-03f, 3.52674839e-03f, 2.91630998e-03f, 2.74162786e-03f, 2.84098461e-03f, 2.84373411e-03f, 4.82505560e-03f, 3.20034195e-03f, 2.85122357e-03f, 2.36505270e-03f};

// shape: (4, 1, 3, 3)
static const int8_t conv1_weight[36] = {
    72, 117, 75, 127, 35, -108, 68, 42, -78, -43, 38, 46, 15, 127, 40, 27,
    123, 26, 18, 58, 52, 82, 75, 127, -103, -127, -60, 64, 58, 62, -41, 69,
    -24, -113, -127, -46,
};

// shape: (8, 4, 3, 3)
static const int8_t conv2_weight[288] = {
    -58, 76, 51, -73, 109, 78, -4, 86, 43, -24, 101, 76, 0, 38, -15, 24,
    -3, -15, 35, 3, -27, -45, -65, -67, -55, 1, -2, 15, -84, -95, -72, -127,
    -78, -82, -58, -87, -71, -24, 46, -67, -48, -6, 16, 47, 41, -73, 28, -3,
    -51, -29, -25, 75, 28, -4, -35, 30, 35, -32, 2, 25, -26, 38, 79, -89,
    -85, 22, -127, 6, 19, -30, 23, 48, 59, 16, -9, 28, 28, 12, -75, -66,
    -11, 29, 52, 25, -16, 25, 14, -99, -75, 11, 48, 13, 30, 116, 106, 127,
    50, 25, 35, 78, 58, 74, 96, 88, 109, 66, 94, 73, 84, 10, -69, -106,
    -73, 27, -45, 43, 53, 8, -96, -36, -58, -17, 53, 22, 24, 21, 61, -43,
    -51, -84, -93, 44, -83, -3, -3, 94, 2, -19, 13, -91, 62, -127, 9, 57,
    81, -93, 64, 14, -20, 24, -37, 26, 37, -7, -47, 69, -70, -8, 48, -65,
    27, -1, -37, -78, 37, -80, -37, 20, -60, -60, 23, -58, -55, -37, -48, -127,
    -28, -9, -92, -45, -100, -54, -38, 8, 45, 3, 55, 33, 28, -95, 13, 64,
    54, 63, -6, 37, -77, -94, -109, -76, -9, 24, 85, 77, 61, 51, -30, -47,
    -61, -125, -94, 43, 34, 94, 127, 94, 69, 77, 32, 82, 51, -63, 40, 22,
    -69, 60, 21, -6, 89, -35, -101, 63, -8, -84, -47, -34, 44, -66, -11, -41,
    -50, -20, -49, -83, -48, -16, -127, -63, 7, -117, -57, -48, 50, 88, 22, -27,
    56, -51, -63, -23, 19, 45, 35, -64, 45, 67, -69, 8, 58, 74, -29, -62,
    -3, 32, -50, -127, -40, 81, -3, -109, -84, -14, -28, -92, -116, -6, 52, -27,
};

// shape: (16, 392)
static const int8_t fc1_weight[6272] = {
    -47, 6, -1, -6, -69, -41, -59, -43, -9, 31, -54, -61, -105, -105, 37, 83,
    43, 11, 53, 49, -31, 44, 71, 22, 21, 47, 87, -19, -16, 67, 81, -44,
    17, 48, -28, -20, 48, 9, -10, 38, -24, -116, -4, 29, -6, 34, 29, 20,
    -36, -8, -7, 62, 11, 0, -28, -33, -23, 8, 55, 127, 23, 25, 4, 5,
    8, 17, -15, -72, -125, -56, 5, 0, 0, -5, 10, 13, -109, -24, -15, 6,
    -32, 13, 13, -37, -13, -5, 4, -37, 17, -24, 7, 29, -4, 2, 16, -82,
    -65, 13, 1, -24, -45, -62, 10, 4, -21, 5, -9, -8, 18, 35, 42, 12,
    15, -14, 1, -3, -11, 17, -59, 16, -3, 7, -2, 22, 47, 6, -35, -31,
    41, 25, 0, -28, -38, -53, -36, 2, 6, -29, -58, -7, 24, -18, -15, 35,
    -20, -27, 2, -57, 3, 0, -23, -26, -7, -8, -20, 22, 83, 45, 33, -109,
    -23, 79, 37, 39, -11, -24, -81, -116, 14, -34, -109, -101, 13, 27, -98, -31,
    12, 17, 29, -21, 34, 2, 5, -19, -80, -68, 25, -11, -29, 51, -15, -30,
    41, 10, -82, -7, -34, -14, 19, -10, 46, 89, -3, -46, 16, 54, 70, -15,
    -18, -2, 22, 70, 56, -9, 28, 23, -64, 43, 54, 51, -75, 23, 91, 38,
    6, 61, 54, 15, 42, 64, 26, -2, -10, 95, 12, 44, 10, -7, 41, -18,
    96, 23, -17, -62, 16, -22, -49, -23, -6, -20, 10, 40, -30, 13, 31, 35,
    4, 47, 16, -37, 7, 27, 24, 25, 23, 21, -9, -71, -13, -31, 58, 60,
    -82, -65, -19, 40, 19, 11, -46, -27, 2, -53, -35, -12, -19, -47, -13, -12,
    -28, -30, -74, -53, -31, -69, -10, -30, -58, 0, -17, -47, 37, -7, -96, 8,
    -102, -13, -4, -23, -27, 40, 73, -17, -6, 50, 75, -57, 75, 120, -34, 33,
    43, 60, -7, 66, 84, 70, 11, 15, -15, -76, -60, 12, -7, 11, -18, 30,
    46, -9, 26, -1, -39, -34, -9, -75, 25, 12, -49, -30, -54, 6, 18, -1,
    -32, -28, 9, 34, 8, 29, 73, 100, 58, 29, 43, 51, -89, 99, 97, 2,
    26, 51, 63, -104, -25, 65, 8, -25, -5, -3, -10, 58, 24, 41, 10, 6,
    -15, -47, 47, 32, 41, -27, -10, -18, -10, -21, -32, -4, -35, 1, 3, -16,
    13, -19, 8, 30, 17, 4, -35, -30, 5, 30, 65, 50, -21, 17, -1, -6,
    -21, 42, 5, -19, 22, -23, -62, -17, 18, 14, -14, -7, -5, -21, 20, 34,
    -9, 10, 9, 32, 60, 20, 91, 89, 26, -9, 10, 18, 3, -30, 8, 16,
    -3, 9, -5, 7, -23, -16, 11, -17, 3, 18, 4, -29, -31, -36, -19, -3,
    -6, -29, 28, 27, 22, 16, 8, -11, 18, 12, -15, 2, -9, 13, -23, 10,
    20, -17, -18, 9, 26, 5, 65, 110, 2, -22, -21, -15, 0, -5, -21, -28,
    -20, 15, 4, 27, 4, -10, -18, -33, 4, 5, 23, 3, -24, -32, 10, -8,
    -3, 43, 30, 9, -23, -19, 9, 24, 33, 25, 10, -9, -15, 2, 26, -4,
    -27, -18, 11, 20, 1, 3, 8, -21, -6, 30, 16, -3, -14, -21, -16, -27,
    12, -12, -2, -10, 16, -10, -20, -20, -2, 13, 14, 30, -9, -7, -29, -21,
    -9, -5, -16, 11, -3, 24, 36, -13, -1, -28, 9, 34, 0, -38, 12, 38,
    75, 56, -32, -50, 3, 107, 92, 65, 26, -25, -11, 11, -22, -27, -26, -19,
    -41, -26, -14, -19, -12, 7, -26, -37, 25, -24, -1, -20, 3, -2, 38, 52,
    -10, -2, -12, -7, -35, 21, 23, -7, -14, -36, -60, -33, -6, 2, -13, 2,
    2, -24, 32, 48, -37, -10, -3, 13, 27, 127, 56, -18, -15, -9, -21, -50,
    -20, -23, -2, -9, 19, 16, 12, 0, 9, 8, 27, 0, 11, 11, 18, -4,
    -21, -25, 3, -6, 24, 12, 28, 11, -4, 14, 16, 4, 7, -4, -2, 11,
    10, 38, 18, -7, -4, -26, 25, 42, 37, 44, -5, -13, -2, -22, -3, -19,
    -19, -14, -12, -2, -6, 5, -31, -6, 21, 42, 29, 38, 24, -12, -12, -13,
    43, 35, -9, 30, 1, -1, -19, 17, 16, -5, -9, -1, -52, -44, 23, 3,
    1, 34, -10, 1, 25, 14, 4, -4, -19, -8, 12, 17, -10, -22, 25, 3,
    15, -12, -18, -5, 15, -13, -3, 11, -3, 16, 10, 28, 8, 16, -10, 6,
    0, 28, 8, -3, 2, -11, 13, -7, 31, 19, -28, 20, 23, -8, -46, -5,
    3, -18, 67, -25, -19, -25, -10, 16, 6, 9, 37, 67, 52, -16, 3, 6,
    -16, -23, -24, -30, -23, -8, -30, -14, 10, 31, -30, -47, -46, -23, 41, -17,
    5, -32, -18, -25, 29, 20, -5, -17, -41, 51, 58, 59, 21, 25, 26, 28,
    -1, -19, 9, 44, 2, 33, -5, -9, -63, 98, 41, 38, 29, 36, 62, 63,
    70, 11, 0, 34, 26, 5, -23, -1, -11, -5, 6, 32, 45, -26, -10, 16,
    22, 14, -25, 21, 12, 115, 26, 41, 36, 28, 18, 45, 40, -26, -3, 0,
    -15, 41, 64, 104, -19, 5, 17, -15, 24, 37, 63, -7, -18, 34, 40, 28,
    95, 30, 18, 60, 17, 3, 6, 37, 44, -27, 5, 6, 32, 64, 6, -3,
    -5, 15, 43, 77, 57, -32, -18, 34, 19, 17, -22, -49, -46, 31, -12, 22,
    23, -33, 4, 19, 71, -19, 4, -3, 7, -12, 34, 27, 18, -42, -33, -7,
    10, 25, 55, -32, -14, -15, -10, -30, -25, -16, -17, -6, 27, -9, -45, 11,
    58, -8, -30, -46, -44, -16, 13, 48, -7, 18, 3, 28, -40, -16, 9, 16,
    62, 81, 70, 70, -11, 127, 12, 40, 77, 52, -58, -41, -19, -37, -6, 52,
    4, -97, 29, 21, -26, -15, -21, -30, -62, -49, 16, -26, 28, 33, -8, -122,
    -58, 23, 32, 5, 1, 0, -55, -16, 19, 17, -14, -52, 20, 73, 84, 11,
    0, 41, -9, 32, 46, -31, 31, -16, 28, 48, 56, -8, -71, -65, 1, 43,
    27, 115, -9, 2, 12, 22, 7, 14, -9, -11, -1, 25, -42, 11, 10, 4,
    24, -5, -19, 12, -15, -14, -1, -3, -6, 33, 58, 30, 36, -30, -40, 1,
    16, 8, 48, 53, 20, -1, 2, -13, -19, 12, -9, -23, -18, 9, 75, -46,
    -25, -4, -21, -16, 80, 46, 9, -25, -45, -46, -28, -21, 25, 24, -53, -3,
    -18, -49, -18, -22, -10, -17, 27, -6, -39, -9, -25, 30, -76, -75, -14, -5,
    38, -18, -3, 8, 0, 10, 31, -33, -55, -43, 121, 61, 11, -23, -29, -52,
    -28, 11, -8, -36, -27, -21, 9, -41, 9, 11, 2, -1, -17, 1, 33, 3,
    -19, -12, -13, -18, -19, 38, 5, 35, -21, 6, -14, -31, 1, 0, -4, -65,
    8, 34, -23, -44, -29, -19, -33, 15, 2, -7, -25, -30, 7, 12, -23, -11,
    -10, 3, 0, 10, -14, -13, 20, 19, -7, 70, 125, 89, 69, 31, 21, 17,
    27, 17, 11, -16, -2, 79, -32, 28, -5, -21, -90, -115, 88, -71, 5, 0,
    40, -36, -61, 12, -41, -62, -66, 31, 20, -14, 93, 23, 18, -9, 6, -31,
    3, 52, -53, -61, 33, 2, -48, -78, -10, 61, 14, 50, 32, 32, 57, 31,
    21, 30, 56, 50, 31, -26, 32, -2, 2, 36, 33, 5, -49, 2, 6, 8,
    -52, -18, -68, -17, 36, 23, -18, 9, 60, 5, 1, 21, 3, 52, 35, 61,
    34, 102, 51, -3, 73, 1, -47, -32, -14, 40, 42, 37, 25, 28, 7, 34,
    40, -1, -52, -26, 23, 44, 12, 43, -34, -5, 14, 25, 60, 61, 34, -10,
    5, 24, 72, 27, -22, 32, 31, 30, 19, 47, -35, -111, 34, 47, 116, 82,
    83, 47, 25, 78, -65, 29, 74, 64, 53, 44, 37, 84, 21, 37, 38, 36,
    11, 61, -15, 38, 37, 90, 32, 33, -7, -4, 23, 68, 20, 40, -63, 3,
    -17, -36, -54, -35, 20, -49, -9, 47, -77, -79, 33, -24, -97, 13, -40, 11,
    10, 78, 63, -4, 14, -88, -30, 9, -30, 7, 50, 46, 74, 68, 83, 12,
    3, -16, 26, 32, 72, 11, 114, 50, -17, 17, 7, 20, 26, 35, -71, -127,
    -62, -1, 1, 80, -70, -101, 14, 14, 26, -29, -28, 24, 13, 45, -17, 35,
    23, -41, 1, -35, 83, 37, -2, 48, -51, -119, -21, 81, 41, 26, 52, 50,
    28, 41, 45, 21, 29, 27, 29, 51, 52, 50, -11, -41, 31, -25, -4, 12,
    2, 6, -49, -22, -41, 87, -16, -65, 14, -5, -40, -9, 22, -38, -23, 49,
    32, 57, 95, 102, 85, 70, 53, -54, 6, 3, 59, 68, 57, 19, 37, 46,
    76, 52, 58, 80, -28, 36, -20, -111, -1, -27, -36, -7, 12, 92, 10, -6,
    -18, -46, -24, 41, -5, -47, 32, 12, -15, 21, 22, -60, -101, -18, 28, 29,
    23, 97, 24, 19, 23, 7, 21, 54, 20, 44, 2, 68, 52, 30, -23, 67,
    8, 77, 8, 46, 41, 11, -84, -33, -58, 33, 18, 43, 28, -79, -35, -38,
    16, -24, -4, 25, 63, 23, -9, 42, -19, -9, 44, 70, 63, -9, 52, 60,
    12, 41, -37, 39, 37, -10, 26, 23, 68, 38, -12, -59, 18, 16, 2, 37,
    31, 43, 7, -58, -31, -27, -68, -23, -75, 30, -47, 30, 49, -18, 16, -57,
    -70, 57, 0, -35, 10, -13, -32, 54, 65, -127, 31, -28, 16, -117, 13, 26,
    11, 22, -24, 24, -97, 20, -66, -54, -18, -1, -37, 18, -76, 48, 8, 44,
    -62, -69, 28, -10, 33, -62, -8, -56, 23, -38, 33, -7, -28, 39, 20, -40,
    68, -36, -83, 8, 72, -66, 73, -83, 17, -56, -3, 2, -38, -87, -10, -45,
    -111, -13, 73, 8, -31, -89, -43, 57, 65, 31, -1, 72, -46, 67, -33, -82,
    -18, 63, -84, -54, -19, 67, -70, -16, -54, 29, -22, 39, -15, -11, -13, -45,
    66, -46, 61, -13, -33, -71, 38, 38, 28, -40, -86, -52, -78, -50, -30, -3,
    62, -46, -78, 46, 41, -60, 39, -3, 23, -1, 43, -72, -93, 22, 25, -75,
    -9, 47, 54, 45, 30, -56, -44, 11, 35, -53, -28, 33, 16, -9, -21, -72,
    -68, -68, -49, -69, -85, -4, 42, 43, 14, -83, 36, -36, 47, -30, -78, -74,
    -107, 73, -52, -58, -92, -32, 44, 18, 8, 84, -61, 44, -63, -17, -75, 44,
    49, -51, -72, -87, 37, 10, 3, 41, 30, -12, 0, 24, 34, 68, 47, 16,
    -77, 47, -41, 69, -1, -12, -47, -13, 36, -71, -50, -33, -12, -38, -22, -7,
    19, 71, -25, -70, -59, 7, 20, -22, -106, -47, 26, 63, -2, 32, -34, -42,
    30, 56, 33, -79, -67, -18, 1, -113, -34, -80, 6, -35, -58, -61, 5, -79,
    -1, 72, 3, -16, 10, -70, -91, 62, 65, -44, -68, -33, -25, -52, 70, 8,
    -42, 37, 57, -39, -80, -118, -25, -25, -63, 40, 55, 32, -29, 62, 61, -2,
    -67, -18, -83, -16, 18, 69, -31, -72, 45, 5, 49, -44, -80, 8, 15, -94,
    11, -85, -38, -79, -89, -43, -54, -37, -33, 31, 57, -83, 10, 65, -45, 42,
    21, -89, -46, 72, -93, -17, 21, 53, -28, -25, -20, -24, -3, 8, -82, -46,
    -17, 55, -9, -91, -5, 29, -61, -1, -20, -38, 58, -62, 73, -55, 53, -36,
    31, 29, -42, -47, -77, 7, -9, 0, -43, 33, -78, -40, 32, 16, -30, -41,
    19, -22, 67, 42, 8, -64, 54, 6, -30, 43, 65, 36, -40, -79, -31, -69,
    -19, -69, -8, 80, -72, 67, 44, -42, -16, 2, 13, 1, -13, -36, -10, -11,
    16, -17, -27, -8, -35, 21, 27, 18, -19, 3, -10, -22, 14, 2, -71, -29,
    65, -50, -4, 9, -31, -62, -58, -27, 13, 61, 41, -32, 7, -5, 35, 29,
    52, 86, -12, 29, 29, 80, 67, 18, 85, -3, -20, 23, 5, -27, -14, -30,
    5, 41, 48, 34, 37, 17, 14, 27, 10, -3, -66, -52, -3, -4, -23, -33,
    4, 12, -97, -40, 69, -11, 6, 20, 31, 13, -78, -46, 2, 26, 10, 25,
    33, -17, 10, -9, 13, 9, 43, 30, 17, -4, -8, -6, 5, -9, -38, 0,
    -21, -10, 23, 35, 44, 49, -16, -8, 26, 42, 51, 51, 42, 47, 32, -19,
    16, 36, 56, 61, 34, 2, -17, -11, 17, 15, -4, -12, -29, -6, 18, 1,
    -3, -17, -65, -4, -3, 24, 6, 30, -5, -36, -8, 19, 0, -22, 6, -37,
    -30, -17, 15, 10, 2, -44, -12, -4, 21, 29, -46, -29, -38, 17, 12, -26,
    -43, -56, -12, 7, -31, 13, 48, -3, 39, 27, -2, 6, 0, -75, 29, 30,
    47, 33, 48, 13, 0, 103, 16, 45, 68, 79, -66, -50, 0, -6, 14, -40,
    -45, -45, 5, 26, 14, -5, -87, -127, -102, -18, 18, 18, -15, -87, -122, -29,
    -9, -22, -11, -11, 31, -86, -44, 30, -37, -31, -42, -40, 30, 35, 34, 28,
    -31, -23, -13, 17, 75, 44, 1, -12, 28, 44, 28, 13, -13, -23, -16, -31,
    14, 25, 17, -16, -4, 14, 38, 42, 17, 1, 6, 18, 24, 7, 37, 68,
    37, 2, 24, -39, 6, 27, 4, -9, -11, -18, -4, 40, 3, 8, -41, -11,
    -30, 12, 15, 14, 9, -25, -43, 89, 57, 42, 43, 43, 48, 21, -24, -10,
    -87, -92, -15, -1, -36, 0, -61, -77, -57, -13, 13, -12, -3, -50, -6, -13,
    7, 3, -39, 13, -39, 33, 12, 26, 24, 26, -8, 8, -43, -15, -20, 43,
    18, 22, -14, -33, 8, 25, 40, 26, 8, 9, 43, 22, 32, 38, -9, 9,
    5, 13, -16, 22, -35, -9, -7, 31, 20, -24, -16, -8, -18, -1, -15, -32,
    19, -18, 1, 4, -31, -42, -7, -14, 13, 30, -8, 38, 32, -23, -4, -2,
    5, 36, 94, 41, 11, 33, -10, 33, 30, 3, 6, 19, 50, 24, 14, 6,
    -74, -96, -100, 10, 98, 36, 57, 49, 75, -46, 5, 5, 50, -15, -12, 13,
    1, -61, -20, -19, -90, 32, -7, -59, 3, -95, 33, 0, 11, -64, 8, -10,
    52, 0, -82, -16, -4, -5, -96, -33, -1, 42, 17, 78, -39, 82, -84, 77,
    69, 75, 20, -35, 42, 18, -99, 5, -89, -108, 29, -56, -22, 4, 22, 25,
    -86, -9, -25, -47, -76, 62, 55, -58, -21, 22, 8, -20, 57, -62, -61, -111,
    12, -83, -70, -22, 42, -99, 40, -57, 31, 81, -27, -61, 63, -57, 25, -52,
    -37, 71, 51, 71, 66, -68, -108, -86, -71, -80, -33, -51, -2, -60, -24, -3,
    -6, 3, 69, -8, 1, 70, -97, -103, -79, 20, -99, 31, 2, -60, 22, 54,
    -48, 31, 77, -81, 16, 57, -60, 7, 68, 44, -30, -1, 71, 25, 19, 19,
    11, 29, 47, -127, 30, 10, 39, 85, -27, 28, 30, -36, -88, -80, 69, 63,
    -76, -102, -18, 34, 60, -83, 51, -110, -105, 49, -49, -68, 50, -66, 45, -30,
    23, -10, -43, -49, -37, -9, -89, 25, 74, -19, -46, -50, -71, -83, 45, 6,
    44, -86, -17, 25, 36, 3, -24, 27, -64, -51, -8, -48, 31, -34, 14, -76,
    27, -64, 26, 12, 22, -43, -33, 84, -40, -82, 71, -69, -29, -107, -18, -58,
    -66, 40, -87, -53, -96, -58, 30, 50, 34, 71, 24, -10, -66, 37, -11, -52,
    -104, -4, -108, -38, 46, -45, 69, -25, 7, 39, -30, -85, -22, 30, -105, -97,
    -93, -67, 73, -82, 46, -55, -62, 7, 13, -64, 28, 34, -3, -52, 7, 6,
    -81, -99, -18, 52, 22, -65, -63, -33, 32, 7, 22, 41, -64, -21, -46, -46,
    59, -72, -69, 8, -37, 49, -36, 74, -13, -75, -105, -72, -61, 45, -100, -53,
    78, 31, -102, -68, -103, 76, -19, -94, -63, 0, 22, -17, -27, -50, 25, 75,
    -45, -41, -82, -52, 40, -90, -26, 70, -80, 28, -21, 7, -9, 40, -67, -87,
    -100, 61, 16, -4, 17, -53, 40, 36, -22, -29, 0, -88, -23, -23, -11, -109,
    53, 5, -19, -60, -6, 39, 29, -93, 23, 63, -97, -77, -3, -34, 16, -82,
    -12, -37, 60, 50, 30, 43, -93, 10, -54, -111, -58, -79, -75, 45, -20, -40,
    43, -102, -92, 16, -8, 52, -85, -99, 34, 48, 15, 14, 47, 4, 21, 21,
    -3, 14, -7, -10, 6, -55, 9, -9, 11, 6, -5, 7, -68, 1, -4, 28,
    -11, -1, -11, 14, 10, 6, 22, -18, 37, 34, -9, -4, -24, 30, -11, -26,
    -28, -49, 15, -5, 11, 15, -16, -33, 21, -4, 38, 10, 5, -3, -3, 2,
    21, 9, -12, -43, -22, -40, -31, 0, 19, 4, 0, 22, 38, 28, -12, -11,
    -5, -7, 23, -6, -13, 12, -5, 15, -8, 6, 22, -17, -30, -11, 4, -47,
    -1, 51, 18, -46, -18, 23, -32, -28, -17, 7, -6, 15, 37, 46, 44, 14,
    -4, 13, 20, -1, 6, 19, -2, -27, 14, 14, 19, 20, 36, -9, -39, -1,
    -7, -24, -7, 24, 9, -45, 4, -13, 6, -4, 27, 59, 34, -4, -2, 30,
    30, 39, 11, -27, 6, -11, -3, -16, -1, -8, -19, 44, 43, -4, 5, 8,
    -20, -44, 20, 11, -16, -33, -55, -88, -70, -18, 11, 68, 79, 25, -16, -34,
    14, 40, 127, 92, 7, -12, -39, -8, -28, -4, -19, 44, 36, 20, -26, -64,
    -4, 7, 71, 39, 17, 67, 35, 58, 27, 41, -22, -6, 17, 42, -10, -2,
    -15, -32, -32, 10, 13, -37, -36, -112, -83, -36, -3, -9, -6, 38, -44, 12,
    36, 6, 20, 3, 42, -33, -23, -16, 0, -6, -9, -24, -6, 78, 4, -14,
    4, -18, -74, -53, 33, 14, -30, -16, 14, -76, -55, -1, -11, -19, 45, 52,
    9, 31, 23, 4, 43, -10, 13, 1, -16, -52, -40, 28, 22, 25, 25, -28,
    -11, -70, -10, 8, 38, 33, 8, 24, 37, 35, -7, -14, 10, 54, 1, -6,
    -33, -39, -5, 26, 0, 3, -6, 42, 7, 5, 39, 10, -19, 7, 2, 26,
    3, -25, 17, 30, 56, 15, 41, -2, 6, 7, -5, 44, 40, 12, -20, -3,
    -7, -4, 10, 20, 76, 37, -7, -46, 24, 1, -54, -1, -34, -23, -6, 49,
    26, 17, -15, -37, -7, 27, 7, -6, -19, -15, 5, -8, 16, 3, -2, 22,
    2, 2, 39, 29, 20, 18, 24, 21, 38, 16, -7, -4, 6, -2, -48, -38,
    -23, -21, 4, 2, 71, -30, -30, -6, -9, 31, 11, -1, 45, 26, -7, 3,
    43, 24, 74, -5, -5, -5, 4, -23, -32, 13, -8, -37, -7, 32, 9, -12,
    35, -20, -127, -10, -41, -40, 30, 67, -37, 13, -26, -47, 2, 63, -15, 14,
    -97, -63, -124, -52, -19, 22, -25, -50, 5, 4, -16, -3, 9, 7, 39, -48,
    -72, 7, -39, -80, -35, 26, -28, -102, 40, 11, -38, -41, 20, -81, -57, 55,
    -4, -66, -102, -39, -66, -1, -82, -62, 65, -4, -19, 62, -46, -70, -86, 30,
    33, 59, -12, -18, -49, 24, -78, -49, -47, 32, -55, -7, 71, 3, -9, 37,
    61, 20, 2, -66, 57, 25, 73, -114, -59, 38, -83, 31, -18, -66, 0, -11,
    0, -91, -67, -79, -69, -66, -1, 21, -89, 45, -13, 17, -72, -40, -33, -27,
    55, 24, -33, -31, -48, -39, -35, -56, 46, -71, -62, -40, -62, -107, -43, -50,
    -98, -25, -46, 58, 64, -43, -25, 12, 43, 51, -67, -18, -81, -55, -70, 31,
    -114, -58, -24, -25, -108, -106, -76, -69, -59, -33, 61, 49, -27, -63, -33, 5,
    -74, -12, -107, -90, -92, 34, 6, 53, -18, -33, -36, -88, 33, -101, 72, -91,
    49, 3, 42, 59, -39, -15, -85, 33, 33, -103, -10, 39, 65, -52, -22, -82,
    13, -19, -23, -31, 43, 23, 0, -27, 6, 3, -54, 8, -6, -20, 15, 9,
    -45, -69, -64, 28, -93, 36, -82, -107, 0, -30, 21, -64, 15, -43, 9, -17,
    -85, -72, 54, -79, 14, 32, -103, -95, -55, 31, -37, -52, -84, -49, 48, 41,
    -29, -30, 51, -20, -86, -36, 35, -16, 25, -54, -47, -1, 77, 46, -30, 57,
    -21, -82, -3, -19, 40, 10, 21, 23, -25, -25, -74, -16, -15, -105, 42, 22,
    48, 10, -103, -69, 20, 55, 41, -57, -74, 13, -28, 10, -89, 28, 15, -57,
    54, 44, -102, -52, -26, 24, 24, 10, -28, -98, 42, -91, -7, -30, 61, -17,
    -46, -54, -45, -104, -41, 69, -45, 21, -50, -75, -100, 60, -3, -14, -91, -21,
    7, -4, -88, -8, 19, -85, -79, -26, 32, -37, 4, -33, 4, -48, -56, -38,
    39, 42, -72, -41, 29, -29, -3, -15, -1, -121, -1, -39, -17, 28, 38, 1,
    1, -31, -20, -46, -13, 29, -76, -103, -37, -15, -12, -85, 38, -21, -103, -87,
    -74, -19, -20, 74, 25, -90, -68, 23, 50, 2, -7, -59, -5, -2, 16, -70,
    -11, -11, 44, -4, 51, -37, -82, 17, -5, -20, 10, 48, 63, 22, 17, 29,
    19, 29, 26, 16, 17, 50, 13, 36, 37, -24, -22, -51, -17, -5, 12, 11,
    -23, 25, -19, -27, -12, 22, 64, 20, 3, -1, -6, 25, 7, 16, -4, 22,
    22, 24, 16, -9, -20, -29, -42, -4, -8, 7, -18, -13, 3, 39, -5, -6,
    11, 1, -20, 2, 36, 51, 24, -19, 16, 7, -4, 40, 67, 47, 15, 46,
    25, 25, 43, 13, 1, -2, -2, 12, -19, 4, 9, -13, 7, -5, 2, -18,
    20, -8, 14, 17, -24, 19, -30, -20, 34, 22, 10, -1, -4, -23, 3, 33,
    17, -12, 12, -1, -16, -11, 18, 50, -13, -3, -17, -12, 11, 17, 9, 4,
    3, 23, -14, -3, 9, -9, 8, 17, 9, -3, 37, 47, 20, 8, -16, -9,
    4, 7, 18, 13, -1, -16, -5, -7, 8, -3, 19, -15, 5, 17, 45, 67,
    9, 33, -1, 12, 2, 12, 47, 111, 83, -9, -17, -28, -37, -2, 58, 58,
    -2, 20, -31, -39, 13, -49, -37, -1, 13, 9, 2, -12, 10, 27, -5, 1,
    -17, -32, -10, 27, 9, -84, -21, -25, -12, 22, 37, 36, -4, 5, 23, 70,
    102, 79, 9, 24, -1, 16, 66, 127, 88, 36, -8, 8, 32, 14, 30, -10,
    -2, -7, 25, 10, 11, 32, -47, -29, 10, 27, 39, 25, -3, -13, 10, -3,
    17, 44, 37, 17, 6, 8, 6, 6, 5, -12, 6, 28, 12, 30, -12, 9,
    3, 16, 10, 11, -27, 2, 10, 11, 7, 19, 13, -10, -20, -23, -2, 8,
    34, 51, 2, 13, 7, -12, 16, 20, 20, 25, 6, -1, -16, 33, 17, 3,
    -2, 3, -3, 8, 8, 13, 2, -32, -20, -16, 2, -29, -38, 21, 11, 25,
    56, 21, 35, -5, 3, 15, 53, 90, 40, -5, -17, -29, -24, 17, 32, 20,
    -34, -30, -21, -17, -38, -19, 23, -20, -10, -8, 34, -11, 45, 17, -3, 14,
    19, -13, 33, 61, 3, -10, -3, 5, -7, 5, -6, -10, 0, -16, 14, -6,
    -9, -24, -10, -10, 8, 11, 17, 19, 30, -14, -5, -16, -11, -6, 38, 62,
    17, -31, -33, -11, -7, 13, 29, 17, 6, -7, 9, -15, -47, 5, -3, 21,
    20, 14, -43, -8, -3, 5, 11, 8, -16, -18, 6, 16, -21, 10, -14, 0,
    24, -63, -62, -29, -33, 49, 16, 50, -28, -109, -45, -109, -42, -49, 73, -16,
    -99, -72, 60, -71, -9, -58, -36, -41, 35, -86, -95, -22, 63, -56, -5, 70,
    -13, -27, 48, 15, 21, 63, -58, 31, -25, -52, -24, 14, 27, 47, 52, 40,
    -42, -113, -23, 10, -40, -70, 32, -8, -66, -127, -81, -88, -55, -118, -105, -79,
    -40, 27, -75, 6, -54, -91, -35, -26, -73, -113, -110, 7, -27, -118, -92, -56,
    -59, -79, 20, -126, -39, -66, -114, -66, -105, -27, 21, -20, -74, -9, -86, -62,
    -124, -74, -28, -34, -98, -116, -88, -16, -4, -103, 23, 37, -48, -117, -102, -71,
    -102, -89, -61, -8, -58, -36, -91, -106, -40, -48, -66, -117, -48, -32, 0, -62,
    1, -68, 7, -98, -10, -28, -74, -86, -72, -58, 9, -37, -13, -6, -40, 3,
    -26, -32, -84, -113, -57, 16, -103, 27, -68, -55, -7, -30, -96, -6, -72, -81,
    -115, 22, -118, -99, -60, 47, -103, -85, -97, -101, 72, -52, 15, 22, 1, -43,
    -47, -52, -102, 19, -6, -14, -13, 0, -32, -71, 6, 13, -41, 25, -20, -113,
    -45, -82, -69, -27, -73, 58, -73, 4, 50, -69, 35, -124, -32, -4, 2, 22,
    -114, 11, 14, -95, -59, -69, -110, -27, -39, -24, -17, 22, -11, 18, 61, -72,
    -68, 7, -9, 56, -25, -4, 39, -122, -32, -89, 7, -34, -73, -77, 14, -28,
    -57, -77, -88, -26, -46, -108, -61, -7, -35, -115, 2, -97, -10, 61, -118, -122,
    -75, -34, 36, -22, -31, 10, -92, 16, -56, 21, -22, -107, -55, -48, -74, -5,
    -4, -71, -83, 4, -90, -15, -47, -87, 43, 9, -59, -43, -32, -42, -29, -52,
    -24, -15, 38, 33, -31, -22, 22, 29, 6, 12, -37, 56, 15, -55, -72, -46,
    -7, -121, 0, 30, -34, -15, -37, -32, -1, -65, -23, -73, -81, 13, -99, -66,
    -74, -48, -12, -75, 38, 1, -23, -22, -65, -50, -70, 16, -91, -93, -90, -83,
    -27, 60, 35, -72, -50, -75, 45, -13, 52, 48, 1, -81, 14, 21, -3, -7,
    -119, -58, -9, -31, 0, -11, -15, -17, -113, -11, -79, -4, -55, -76, -15, -9,
    -100, 5, 29, 68, -57, -6, -15, 3, -8, 1, -9, 38, 52, -58, -62, -9,
    -109, 10, -32, -46, 4, -80, 52, -41, -2, 13, -39, -30, -40, -31, -37, 28,
    -14, 2, 20, -22, 9, -53, -20, -44, -56, 16, 63, 84, 20, 10, -8, 9,
    9, 6, 20, 92, 49, 55, 59, 21, -24, -31, 3, 56, 58, 21, -20, -37,
    -28, -67, 20, 19, -39, 11, -8, -69, -38, 25, 42, -25, -2, 18, -13, 11,
    9, -13, -6, -26, -23, -14, -8, 16, 10, 8, 3, -6, -27, -1, -10, 16,
    29, 50, 51, 58, -6, 9, 1, 21, 2, 49, 106, 89, 38, -2, 26, 19,
    -30, -17, 4, 6, -16, 15, -30, -42, -16, 24, 23, 44, 44, 68, 49, -9,
    30, 16, 30, 25, 23, -17, -17, -31, 15, 42, 64, 84, 22, -24, -4, 29,
    10, -25, -64, -52, 29, 37, -15, -39, -52, -46, -24, 22, 19, 10, -3, -27,
    31, 32, 68, 15, 24, 28, 3, 43, 20, 14, -21, 13, 17, -33, -26, -23,
    -20, -9, 22, -21, -4, -8, -28, -75, -63, 12, 0, -37, 18, -45, -68, -15,
    23, 89, 127, 26, 29, 65, 87, 43, 56, 107, 25, -16, 29, 34, 32, 6,
    1, -27, -23, 7, 1, -47, -41, -15, -33, -32, 61, 14, 22, 5, -21, -21,
    -53, -36, 16, 2, -7, -39, -64, -58, -91, 16, 0, -18, -63, -3, 24, 74,
    92, 25, 3, -56, 73, 117, 95, 44, 1, 53, 86, 45, 42, -60, -8, 24,
    11, 63, 37, -33, -65, -18, 30, 24, 16, -4, -15, 1, -6, 24, 44, 41,
    -9, -4, 4, 0, 57, -1, 10, -8, -46, -23, 13, 74, 37, 26, 16, -14,
    -27, -24, -19, 48, 39, -43, -35, -18, -10, 6, 13, 33, -11, 20, 24, 23,
    2, -5, -6, 0, 12, 28, 11, 5, -24, 12, -17, -24, -46, -19, 14, -6,
    -13, 37, -9, -20, 26, 8, 32, -41, 29, 54, 49, 60, 65, -25, -39, -3,
    51, 52, 54, 42, -35, -20, 35, 7, -2, -5, -54, 4, 83, 39, 1, -20,
    -32, -17, 14, 37, -15, -16, -23, -35, 27, -9, -33, -23, -7, 20, -27, 0,
    -10, -21, 35, 19, 17, -25, 28, 37, 38, 59, 35, 26, 2, 35, -28, -49,
    -12, 42, 60, 48, 33, -57, -58, 0, 18, -4, -7, 12, -11, 5, 51, 7,
    -26, -23, -53, 30, 29, 19, 5, 5, -26, 22, 6, -39, -29, 20, -5, -24,
    11, 15, -9, -24, 60, -8, 50, 24, 7, 21, 17, 27, 12, 68, 36, 20,
    56, 0, 1, -44, 26, 34, -12, 26, -19, -40, -68, -27, -6, -8, -4, -3,
    34, 3, -74, -23, 18, 6, 17, 62, 50, -14, -30, 16, 8, -24, 35, 21,
    46, -2, -52, -76, -47, -5, 21, 22, -25, -17, -67, -37, 14, 34, 52, -9,
    -12, -16, 11, 56, 97, 65, 29, 19, 24, -2, -26, 4, 28, 20, -4, -1,
    25, 32, -30, -28, 2, 5, -16, -9, 32, 4, 14, -28, -1, 2, -15, 64,
    46, 10, -2, -7, -34, 29, -5, 3, -12, -20, 19, -36, -64, -9, -1, 17,
    2, -14, -19, 12, 68, 41, 57, 25, 9, 1, 12, 10, 0, 1, 24, 13,
    -32, -58, -3, 3, 8, 1, -1, -13, -28, 7, -17, -42, -30, -15, 6, 7,
    -21, -14, 13, -10, 19, -45, -20, 45, -9, 26, -10, -10, -23, -34, 39, 111,
    76, 6, -51, -40, -24, -36, 55, 24, -5, -5, 1, -50, -52, -40, -1, 31,
    18, 36, 15, -17, -30, -50, -3, -3, 26, -3, 56, 28, -4, -20, -6, 8,
    72, 91, 12, -36, -21, 15, 0, 38, 61, 13, 5, -3, 10, -11, -8, 5,
    46, 12, 30, 24, 14, 37, -78, 1, -13, 5, 4, -16, 99, -21, -41, -19,
    3, -4, 12, 25, 21, -23, -9, 4, -38, -28, 2, 86, 54, 28, -36, 21,
    -23, -50, 70, 38, 33, 18, 4, 9, -81, 20, 62, 10, -45, -44, -45, -51,
    -36, 13, -12, 13, -25, -18, 24, 32, 61, 48, 35, 37, 32, -38, -44, -33,
    24, 31, 18, -38, -24, 45, -14, -70, -51, -16, 17, 21, 21, -42, -55, 4,
    22, 5, 43, 57, 45, 39, -14, -21, 25, -69, -24, 63, 13, 9, 49, 127,
    -9, -22, 3, 17, -57, 5, 61, 50, 10, 2, -1, -56, -15, 65, 58, -45,
    -23, -11, 34, 11, 22, -52, -12, 18, 12, 20, 14, -24, 4, 27, 15, 7,
    -33, 2, -1, 24, 9, 25, 33, -55, -34, -83, -23, -3, 19, 15, 47, 38,
    39, -30, -12, -23, 21, 45, 21, 49, 11, -24, -16, 14, 5, 14, 20, 14,
    4, -23, -29, -23, -7, 4, -13, -4, 5, 5, -29, 7, 1, -13, 22, 3,
    0, -7, 4, -29, -1, 13, 11, 16, 23, 7, 20, -24, -9, -5, 1, 69,
    -14, 14, -19, -1, -39, 15, 2, -30, -42, -56, 49, 67, 64, -6, -64, -39,
    33, -28, -50, 52, 51, 69, 71, 31, -59, -73, -3, 11, 41, -5, -16, -28,
    -17, 5, -31, -95, -80, -23, -21, -56, 18, -41, 42, 36, 17, 22, 36, 22,
    -2, 6, 40, 5, -18, -24, -15, -12, 30, 29, -10, -15, 43, -37, -29, 30,
    47, 90, 9, 0, 74, 0, -11, 31, -9, -95, -74, 3, -42, -2, 22, -4,
    -67, -102, -60, -31, -28, -50, -69, -43, -40, -43, -29, -15, 34, 62, -17, -46,
    -30, -35, 19, 25, 32, 60, 23, 7, 4, 41, 34, -6, -10, -31, 2, -5,
    36, 32, 13, 18, 49, 19, -20, 10, -5, 67, 56, 36, -4, 29, -11, -43,
    -2, 51, 52, 33, -25, -5, 12, 19, 14, 18, -16, -21, 24, -3, 11, 5,
    8, 1, 21, -5, 39, -1, -20, -34, 12, -25, 20, 4, -76, 87, 54, 19,
    -35, 36, 27, 14, 72, 93, 115, -16, 76, 36, -61, -7, -19, 5, -15, -13,
    -7, -58, -18, 1, -26, -95, -101, -37, 52, 63, 39, 29, -11, 34, -8, 49,
    12, -48, 16, -3, 10, 34, 6, -17, -6, -14, -8, -3, -32, -41, 94, 48,
    25, -21, -10, -53, -28, -57, -24, 43, -33, 6, 82, -73, -100, -102, -77, 16,
    16, 60, -6, 13, 16, -41, -44, -9, -49, -83, 82, 27, 0, -37, 4, 116,
    40, 20, -10, -45, 15, 52, 13, 44, 19, -6, 2, 46, 14, -13, -9, 27,
    30, -2, 5, 8, 13, 36, 98, 38, 34, 28, -6, 38, 13, 5, 3, 78,
    -3, -6, -41, -6, 51, 8, 3, -36, -40, -4, 21, 77, -40, -47, 18, 28,
    10, 22, 21, 4, 7, 8, 21, -15, -32, 9, 42, 19, 32, -18, -8, -30,
    -2, 26, -26, 50, -62, -68, -43, 13, -16, -39, -34, -28, 55, 15, -25, -5,
    -37, -25, -35, -28, -45, 14, 18, 8, -1, -7, -56, -16, 7, 33, -10, -53,
    1, 8, 50, 47, 31, -5, 32, 9, -23, -29, -7, 13, 13, 32, -29, -7,
    -3, -2, -6, -12, 101, -29, -23, 46, 9, -23, -28, 96, -39, -60, 29, 11,
    -4, -46, -66, -2, 12, -30, 28, 40, 7, 35, -57, -127, -34, 12, -1, 17,
    67, -63, 49, -50, -34, 7, -19, -69, 61, 85, 1, -34, 66, -16, -16, -88,
    -34, -28, 107, 31, 7, 38, -78, -100, 28, 24, -65, -42, 24, -123, 20, -33,
    -36, -79, 100, 62, 28, 54, -38, -46, 60, 86, -77, 118, -84, 39, -110, -74,
    -3, 84, 13, 6, -95, 6, 65, -58, 37, 82, 19, 19, -81, 65, -7, -69,
    54, -30, 68, -46, -114, 22, 51, -67, 45, -37, 0, 21, -68, -67, -80, 19,
    91, 51, -36, 46, 75, -13, -19, 21, -22, 26, -77, -3, 17, -27, -107, -11,
    -3, 76, 78, 49, -118, -3, -61, -120, -29, -55, 53, -102, 97, -26, -40, -122,
    -44, -14, -35, -73, -125, 6, 37, 23, 49, -77, -89, -112, 37, -71, -25, -2,
    22, -56, -29, 63, -89, -89, -97, -28, 44, 67, 71, 90, 15, 64, -60, -22,
    -54, -121, -3, 0, 25, 1, -89, -35, 84, 26, -33, -115, -61, 26, -34, -119,
    103, 33, 74, 6, 30, -18, 80, 82, -36, 29, 9, 12, 5, 87, -54, 43,
    -64, -114, 80, 13, -6, -69, -89, -86, 44, -10, 36, -102, 30, -47, 75, 90,
    35, -95, -125, 65, 31, 83, 44, -4, -28, 96, 40, -12, 84, 87, 90, -34,
    -110, -117, 22, 87, 11, -11, 19, -57, 16, 3, 21, 8, -49, -95, -78, 102,
    -67, -5, -89, 32, -100, -80, 51, -61, 91, 23, -80, -56, -36, 27, 64, -91,
    51, -79, -124, -50, -48, 7, 65, 14, -26, -47, 9, 19, 36, -17, -63, 21,
    -32, -77, -124, 78, -15, -13, -42, 65, -74, -73, 54, -2, 80, 66, -118, 69,
    82, -28, 11, 90, -72, 23, -86, 22, -72, 73, 34, -53, -107, -21, -27, -96,
    62, 87, 46, -73, 62, 31, -121, -26, 50, -86, -82, 15, 45, -9, -93, 62,
    20, -55, -127, -1, 0, 79, 30, 33, -46, 41, 31, 24, -75, 50, 34, -41,
    -66, -61, 12, -100, -34, 34, -37, -63, -56, 46, 23, -99, -110, -81, 58, -96,
    -55, 21, -21, 7, -5, 6, 57, 72, 5, 20, -38, -20, -69, -13, -61, 17,
    -124, -8, 2, -12, -38, 42, 51, -93, -23, -34, 82, 4, 101, 17, -40, 2,
    -39, -10, -52, -1, 71, 86, -42, -84, -52, -39, -90, 26, 60, 25, -71, -89,
    24, -35, 55, 12, -18, -63, 47, 8, 3, -7, -14, 54, 42, 12, 2, 15,
    -8, -5, 23, 42, 49, 12, 17, 2, 11, 35, 29, -5, -88, 48, -4, -11,
    31, 17, 11, -50, -5, -27, -17, 44, -17, 23, -5, -14, -21, -20, 39, 11,
    -8, 0, 23, 61, 15, 29, 24, 72, -22, 13, -9, -42, -9, 6, -21, -17,
    40, 18, -30, -38, 5, 76, 38, 8, 1, -22, 13, 89, 93, 43, 5, -7,
    -29, 35, 23, 5, -5, 0, 12, 27, 15, -29, 36, -8, -3, -11, -11, 38,
    -15, -61, 17, 29, 2, 18, 48, 53, 67, 0, 11, 6, -10, -58, -9, 9,
    4, 24, 59, 40, -41, -44, -31, 12, 7, 17, 8, -24, -25, -19, 6, 19,
    7, -2, 0, -26, 19, -34, 21, 5, -20, -23, 10, 42, -5, 18, 8, -49,
    -31, -16, 16, -31, 49, 1, -32, -4, -1, -21, -13, 9, -46, -3, 59, 57,
    5, -5, 17, 3, -33, -38, 48, 82, 23, 10, -22, -60, 27, 45, 85, 1,
    -33, 10, -11, 47, -6, -10, -37, -34, 31, 43, -23, 4, 45, 3, 20, 51,
    31, -7, -102, 33, 15, 51, 56, -5, -16, 1, 19, -29, 2, -36, 9, 65,
    40, 13, 22, 26, -8, -21, -16, 80, 75, 16, 11, -8, -14, 16, 41, 51,
    30, -2, -29, -42, 63, 24, -42, -16, -17, -10, 9, 24, 14, -16, 31, -27,
    -2, 13, 71, 0, -42, -8, 25, 26, 67, 127, 37, -6, -2, 22, -12, -59,
    -14, -2, -38, -30, 4, 2, -8, -31, -1, 26, 17, 30, 1, 33, 11, 12,
    38, 18, 11, 10, 8, -54, 17, 32, 2, 34, 22, -25, -36, 9, 53, -17,
    -9, 41, -10, -9, -49, -60, -30, 40, 41, 15, 8, -37, -32, 11, 12, 44,
    79, 46, 21, 5, -19, -4, 79, 107, 96, 42, -10, -42, 6, -4, 32, 32,
    21, -11, 0, -5, 31, 23, 25, 8, -14, 1, 45, 2, 6, 6, 31, -14,
    8, 15, 27, 56, 51, -2, -8, -14, 3, 3, 21, -3, 9, -26, 27, 28,
    -12, -35, -9, -35, -24, -6, 57, 51, 76, 28, 0, -6, -37, 38, 45, 46,
    6, 11, -7, -48, -43, -9, -17, -10, 23, -16, -28, 12, -25, -33, -21, 15,
    -9, -14, 20, -92, -28, 14, 18, -18, -29, -32, 39, 109, 44, -2, -23, -24,
};

// shape: (10, 16)
static const int8_t fc2_weight[160] = {
    37, -54, 1, 1, -33, -30, -11, 9, -50, 20, 30, 50, 4, -127, -26, -90,
    -103, -14, -30, 29, 59, -75, -11, -127, 63, 31, 1, 83, -74, -30, -3, 91,
    -98, -7, 115, -21, -21, -64, -76, 14, -17, -1, -83, 106, -127, 67, -46, -65,
    -117, 66, -127, 22, 61, 114, -75, 78, -40, -100, 79, -10, 10, 37, 82, -111,
    -12, 127, -35, -65, -1, -102, 59, -67, 7, 113, 50, -74, 4, -18, -54, 100,
    -121, -61, 92, 72, 69, 104, -24, -62, -52, 73, -27, -127, 127, -49, -24, -96,
    -13, -127, -44, 10, 34, -66, 38, 31, 38, 69, -18, -63, 32, -9, 48, 17,
    -25, 37, 69, -123, -72, 87, 6, -16, -60, -8, 17, 59, 127, -32, -35, 65,
    41, -60, -43, -6, 19, 54, -63, -127, 48, 48, -90, 5, 4, 117, -21, -61,
    104, 124, 54, 2, -48, 89, -18, -107, 80, -34, -90, -127, -111, -117, -50, -60,
};

// shape: (4,)
static const int32_t conv1_bias[4] = {
    9625, 13622, 3870, -4030,
};

// shape: (8,)
static const int32_t conv2_bias[8] = {
    -2201, 1663, -745, 749, 1642, -804, -677, -2726,
};

// shape: (16,)
static const int32_t fc1_bias[16] = {
    -59, -216, 734, 366, -810, 124, -1371, -168, -1016, 261, -1000, 371, 40, -425, 294, 138,
};

// shape: (10,)
static const int32_t fc2_bias[10] = {
    127, 262, -165, 278, -317, -76, 182, -483, -511, 155,
};

#endif
